0.5002463289331271 0.000246328933127181 0.25
0.000246328933127181 0.5002463289331271 0.25
0.5002463289331271 0.000246328933127181 0.75
0.000246328933127181 0.5002463289331271 0.75
0.0 0.0 0.1486501333029082
0.5 0.5 0.1486501333029082
0.0 0.0 0.6486501333029082
0.5 0.5 0.6486501333029082
0.0 0.0 0.3513498666970918
0.5 0.5 0.3513498666970918
0.0 0.0 0.8513498666970918
0.5 0.5 0.8513498666970918
0.0 0.0 0.25
0.5 0.5 0.25
0.0 0.0 0.75
0.5 0.5 0.75
0.25 0.25 0.3309407311884414
0.75 0.75 0.3309407311884414
0.25 0.25 0.8309407311884414
0.75 0.75 0.8309407311884414
0.25 0.75 0.3309407311884414
0.75 0.25 0.3309407311884414
0.25 0.75 0.8309407311884414
0.75 0.25 0.8309407311884414
0.25 0.75 0.1690592538115538
0.75 0.25 0.1690592538115538
0.25 0.75 0.6690592538115538
0.75 0.25 0.6690592538115538
0.25 0.25 0.1690592538115538
0.75 0.75 0.1690592538115538
0.25 0.25 0.6690592538115538
0.75 0.75 0.6690592538115538
0.0 0.0 0.0678041001726299
0.5 0.5 0.0678041001726299
0.0 0.0 0.5678041001726299
0.5 0.5 0.5678041001726299
0.0 0.0 0.4321958998273701
0.5 0.5 0.4321958998273701
0.0 0.0 0.9321958998273701
0.5 0.5 0.9321958998273701
0.5 0.0 0.0
0.0 0.5 0.0
0.5 0.0 0.5
0.0 0.5 0.5
0.6601231254133708 0.0 0.0264789663931921
0.1601231254133708 0.5 0.0264789663931921
0.6601231254133708 0.0 0.5264789663931921
0.1601231254133708 0.5 0.5264789663931921
0.3398767705866206 0.9999998660000102 0.0264789663931921
0.8398767705866206 0.4999998660000102 0.0264789663931921
0.3398767705866206 0.9999998660000102 0.5264789663931921
0.8398767705866206 0.4999998660000102 0.5264789663931921
0.5000001339999898 0.8398767705866206 0.4735210321068024
1.339999898e-07 0.3398767705866206 0.4735210321068024
0.5000001339999898 0.8398767705866206 0.9735210321068024
1.339999898e-07 0.3398767705866206 0.9735210321068024
0.4999998810000008 0.16012324441337 0.4735207936068093
0.9999998810000008 0.66012324441337 0.4735207936068093
0.4999998810000008 0.16012324441337 0.9735207936068093
0.9999998810000008 0.66012324441337 0.9735207936068093 

0.4997536710668728 0.000246328933127181 0.25
-0.000246328933127181 0.5002463289331271 0.25
0.4997536710668728 0.000246328933127181 0.75
-0.000246328933127181 0.5002463289331271 0.75
0.0 0.0 0.1486501333029082
0.5 0.5 0.1486501333029082
0.0 0.0 0.6486501333029082
0.5 0.5 0.6486501333029082
0.0 0.0 0.3513498666970918
0.5 0.5 0.3513498666970918
0.0 0.0 0.8513498666970918
0.5 0.5 0.8513498666970918
0.0 0.0 0.25
0.5 0.5 0.25
0.0 0.0 0.75
0.5 0.5 0.75
0.25 0.25 0.3309407311884414
0.75 0.75 0.3309407311884414
0.25 0.25 0.8309407311884414
0.75 0.75 0.8309407311884414
0.25 0.75 0.3309407311884414
0.75 0.25 0.3309407311884414
0.25 0.75 0.8309407311884414
0.75 0.25 0.8309407311884414
0.25 0.75 0.1690592538115538
0.75 0.25 0.1690592538115538
0.25 0.75 0.6690592538115538
0.75 0.25 0.6690592538115538
0.25 0.25 0.1690592538115538
0.75 0.75 0.1690592538115538
0.25 0.25 0.6690592538115538
0.75 0.75 0.6690592538115538
0.0 0.0 0.0678041001726299
0.5 0.5 0.0678041001726299
0.0 0.0 0.5678041001726299
0.5 0.5 0.5678041001726299
0.0 0.0 0.4321958998273701
0.5 0.5 0.4321958998273701
0.0 0.0 0.9321958998273701
0.5 0.5 0.9321958998273701
0.5 0.0 0.0
0.0 0.5 0.0
0.5 0.0 0.5
0.0 0.5 0.5
0.6601231254133708 0.0 0.0264789663931921
0.1601231254133708 0.5 0.0264789663931921
0.6601231254133708 0.0 0.5264789663931921
0.1601231254133708 0.5 0.5264789663931921
0.3398767705866206 0.9999998660000102 0.0264789663931921
0.8398767705866206 0.4999998660000102 0.0264789663931921
0.3398767705866206 0.9999998660000102 0.5264789663931921
0.8398767705866206 0.4999998660000102 0.5264789663931921
0.5000001339999898 0.8398767705866206 0.4735210321068024
1.339999898e-07 0.3398767705866206 0.4735210321068024
0.5000001339999898 0.8398767705866206 0.9735210321068024
1.339999898e-07 0.3398767705866206 0.9735210321068024
0.4999998810000008 0.16012324441337 0.4735207936068093
0.9999998810000008 0.66012324441337 0.4735207936068093
0.4999998810000008 0.16012324441337 0.9735207936068093
0.9999998810000008 0.66012324441337 0.9735207936068093 

0.5 0.0 0.25
0.0 0.5 0.25
0.5 0.0 0.75
0.0 0.5 0.75
0.0 0.000246328933127181 0.1486501333029082
0.5 0.5002463289331271 0.1486501333029082
0.0 0.000246328933127181 0.6486501333029082
0.5 0.5002463289331271 0.6486501333029082
0.000246328933127181 0.0 0.3513498666970918
0.5002463289331271 0.5 0.3513498666970918
0.000246328933127181 0.0 0.8513498666970918
0.5002463289331271 0.5 0.8513498666970918
0.0 0.0 0.25
0.5 0.5 0.25
0.0 0.0 0.75
0.5 0.5 0.75
0.25 0.25 0.3309407311884414
0.75 0.75 0.3309407311884414
0.25 0.25 0.8309407311884414
0.75 0.75 0.8309407311884414
0.25 0.75 0.3309407311884414
0.75 0.25 0.3309407311884414
0.25 0.75 0.8309407311884414
0.75 0.25 0.8309407311884414
0.25 0.75 0.1690592538115538
0.75 0.25 0.1690592538115538
0.25 0.75 0.6690592538115538
0.75 0.25 0.6690592538115538
0.25 0.25 0.1690592538115538
0.75 0.75 0.1690592538115538
0.25 0.25 0.6690592538115538
0.75 0.75 0.6690592538115538
0.0 0.0 0.0678041001726299
0.5 0.5 0.0678041001726299
0.0 0.0 0.5678041001726299
0.5 0.5 0.5678041001726299
0.0 0.0 0.4321958998273701
0.5 0.5 0.4321958998273701
0.0 0.0 0.9321958998273701
0.5 0.5 0.9321958998273701
0.5 0.0 0.0
0.0 0.5 0.0
0.5 0.0 0.5
0.0 0.5 0.5
0.6601231254133708 0.0 0.0264789663931921
0.1601231254133708 0.5 0.0264789663931921
0.6601231254133708 0.0 0.5264789663931921
0.1601231254133708 0.5 0.5264789663931921
0.3398767705866206 0.9999998660000102 0.0264789663931921
0.8398767705866206 0.4999998660000102 0.0264789663931921
0.3398767705866206 0.9999998660000102 0.5264789663931921
0.8398767705866206 0.4999998660000102 0.5264789663931921
0.5000001339999898 0.8398767705866206 0.4735210321068024
1.339999898e-07 0.3398767705866206 0.4735210321068024
0.5000001339999898 0.8398767705866206 0.9735210321068024
1.339999898e-07 0.3398767705866206 0.9735210321068024
0.4999998810000008 0.16012324441337 0.4735207936068093
0.9999998810000008 0.66012324441337 0.4735207936068093
0.4999998810000008 0.16012324441337 0.9735207936068093
0.9999998810000008 0.66012324441337 0.9735207936068093 

0.5 0.0 0.25
0.0 0.5 0.25
0.5 0.0 0.75
0.0 0.5 0.75
0.0 0.000246328933127181 0.1486501333029082
0.5 0.5002463289331271 0.1486501333029082
0.0 0.000246328933127181 0.6486501333029082
0.5 0.5002463289331271 0.6486501333029082
-0.000246328933127181 0.0 0.3513498666970918
0.4997536710668728 0.5 0.3513498666970918
-0.000246328933127181 0.0 0.8513498666970918
0.4997536710668728 0.5 0.8513498666970918
0.0 0.0 0.25
0.5 0.5 0.25
0.0 0.0 0.75
0.5 0.5 0.75
0.25 0.25 0.3309407311884414
0.75 0.75 0.3309407311884414
0.25 0.25 0.8309407311884414
0.75 0.75 0.8309407311884414
0.25 0.75 0.3309407311884414
0.75 0.25 0.3309407311884414
0.25 0.75 0.8309407311884414
0.75 0.25 0.8309407311884414
0.25 0.75 0.1690592538115538
0.75 0.25 0.1690592538115538
0.25 0.75 0.6690592538115538
0.75 0.25 0.6690592538115538
0.25 0.25 0.1690592538115538
0.75 0.75 0.1690592538115538
0.25 0.25 0.6690592538115538
0.75 0.75 0.6690592538115538
0.0 0.0 0.0678041001726299
0.5 0.5 0.0678041001726299
0.0 0.0 0.5678041001726299
0.5 0.5 0.5678041001726299
0.0 0.0 0.4321958998273701
0.5 0.5 0.4321958998273701
0.0 0.0 0.9321958998273701
0.5 0.5 0.9321958998273701
0.5 0.0 0.0
0.0 0.5 0.0
0.5 0.0 0.5
0.0 0.5 0.5
0.6601231254133708 0.0 0.0264789663931921
0.1601231254133708 0.5 0.0264789663931921
0.6601231254133708 0.0 0.5264789663931921
0.1601231254133708 0.5 0.5264789663931921
0.3398767705866206 0.9999998660000102 0.0264789663931921
0.8398767705866206 0.4999998660000102 0.0264789663931921
0.3398767705866206 0.9999998660000102 0.5264789663931921
0.8398767705866206 0.4999998660000102 0.5264789663931921
0.5000001339999898 0.8398767705866206 0.4735210321068024
1.339999898e-07 0.3398767705866206 0.4735210321068024
0.5000001339999898 0.8398767705866206 0.9735210321068024
1.339999898e-07 0.3398767705866206 0.9735210321068024
0.4999998810000008 0.16012324441337 0.4735207936068093
0.9999998810000008 0.66012324441337 0.4735207936068093
0.4999998810000008 0.16012324441337 0.9735207936068093
0.9999998810000008 0.66012324441337 0.9735207936068093 

0.5 0.0 0.25
0.0 0.5 0.25
0.5 0.0 0.75
0.0 0.5 0.75
0.000246328933127181 0.0 0.1486501333029082
0.5002463289331271 0.5 0.1486501333029082
0.000246328933127181 0.0 0.6486501333029082
0.5002463289331271 0.5 0.6486501333029082
0.0 0.000246328933127181 0.3513498666970918
0.5 0.5002463289331271 0.3513498666970918
0.0 0.000246328933127181 0.8513498666970918
0.5 0.5002463289331271 0.8513498666970918
0.0 0.0 0.25
0.5 0.5 0.25
0.0 0.0 0.75
0.5 0.5 0.75
0.25 0.25 0.3309407311884414
0.75 0.75 0.3309407311884414
0.25 0.25 0.8309407311884414
0.75 0.75 0.8309407311884414
0.25 0.75 0.3309407311884414
0.75 0.25 0.3309407311884414
0.25 0.75 0.8309407311884414
0.75 0.25 0.8309407311884414
0.25 0.75 0.1690592538115538
0.75 0.25 0.1690592538115538
0.25 0.75 0.6690592538115538
0.75 0.25 0.6690592538115538
0.25 0.25 0.1690592538115538
0.75 0.75 0.1690592538115538
0.25 0.25 0.6690592538115538
0.75 0.75 0.6690592538115538
0.0 0.0 0.0678041001726299
0.5 0.5 0.0678041001726299
0.0 0.0 0.5678041001726299
0.5 0.5 0.5678041001726299
0.0 0.0 0.4321958998273701
0.5 0.5 0.4321958998273701
0.0 0.0 0.9321958998273701
0.5 0.5 0.9321958998273701
0.5 0.0 0.0
0.0 0.5 0.0
0.5 0.0 0.5
0.0 0.5 0.5
0.6601231254133708 0.0 0.0264789663931921
0.1601231254133708 0.5 0.0264789663931921
0.6601231254133708 0.0 0.5264789663931921
0.1601231254133708 0.5 0.5264789663931921
0.3398767705866206 0.9999998660000102 0.0264789663931921
0.8398767705866206 0.4999998660000102 0.0264789663931921
0.3398767705866206 0.9999998660000102 0.5264789663931921
0.8398767705866206 0.4999998660000102 0.5264789663931921
0.5000001339999898 0.8398767705866206 0.4735210321068024
1.339999898e-07 0.3398767705866206 0.4735210321068024
0.5000001339999898 0.8398767705866206 0.9735210321068024
1.339999898e-07 0.3398767705866206 0.9735210321068024
0.4999998810000008 0.16012324441337 0.4735207936068093
0.9999998810000008 0.66012324441337 0.4735207936068093
0.4999998810000008 0.16012324441337 0.9735207936068093
0.9999998810000008 0.66012324441337 0.9735207936068093 

0.5 0.0 0.25
0.0 0.5 0.25
0.5 0.0 0.75
0.0 0.5 0.75
-0.000246328933127181 0.0 0.1486501333029082
0.4997536710668728 0.5 0.1486501333029082
-0.000246328933127181 0.0 0.6486501333029082
0.4997536710668728 0.5 0.6486501333029082
0.0 0.000246328933127181 0.3513498666970918
0.5 0.5002463289331271 0.3513498666970918
0.0 0.000246328933127181 0.8513498666970918
0.5 0.5002463289331271 0.8513498666970918
0.0 0.0 0.25
0.5 0.5 0.25
0.0 0.0 0.75
0.5 0.5 0.75
0.25 0.25 0.3309407311884414
0.75 0.75 0.3309407311884414
0.25 0.25 0.8309407311884414
0.75 0.75 0.8309407311884414
0.25 0.75 0.3309407311884414
0.75 0.25 0.3309407311884414
0.25 0.75 0.8309407311884414
0.75 0.25 0.8309407311884414
0.25 0.75 0.1690592538115538
0.75 0.25 0.1690592538115538
0.25 0.75 0.6690592538115538
0.75 0.25 0.6690592538115538
0.25 0.25 0.1690592538115538
0.75 0.75 0.1690592538115538
0.25 0.25 0.6690592538115538
0.75 0.75 0.6690592538115538
0.0 0.0 0.0678041001726299
0.5 0.5 0.0678041001726299
0.0 0.0 0.5678041001726299
0.5 0.5 0.5678041001726299
0.0 0.0 0.4321958998273701
0.5 0.5 0.4321958998273701
0.0 0.0 0.9321958998273701
0.5 0.5 0.9321958998273701
0.5 0.0 0.0
0.0 0.5 0.0
0.5 0.0 0.5
0.0 0.5 0.5
0.6601231254133708 0.0 0.0264789663931921
0.1601231254133708 0.5 0.0264789663931921
0.6601231254133708 0.0 0.5264789663931921
0.1601231254133708 0.5 0.5264789663931921
0.3398767705866206 0.9999998660000102 0.0264789663931921
0.8398767705866206 0.4999998660000102 0.0264789663931921
0.3398767705866206 0.9999998660000102 0.5264789663931921
0.8398767705866206 0.4999998660000102 0.5264789663931921
0.5000001339999898 0.8398767705866206 0.4735210321068024
1.339999898e-07 0.3398767705866206 0.4735210321068024
0.5000001339999898 0.8398767705866206 0.9735210321068024
1.339999898e-07 0.3398767705866206 0.9735210321068024
0.4999998810000008 0.16012324441337 0.4735207936068093
0.9999998810000008 0.66012324441337 0.4735207936068093
0.4999998810000008 0.16012324441337 0.9735207936068093
0.9999998810000008 0.66012324441337 0.9735207936068093 
