P4/mmm[0,0,0]GM1+(a)[Nb1:g:dsp]A1(a) normfactor =  0.03231
Nb3   0.00060  0.00057  0.64716  0.0000  0.0000  1.0000 
Nb1   0.00060  0.00057  0.14716  0.0000  0.0000  1.0000 
Nb4   0.50060  0.50057  0.64716  0.0000  0.0000  1.0000 
Nb2   0.50060  0.50057  0.14716  0.0000  0.0000  1.0000 
Nb5   0.00060  0.00057  0.35362  0.0000  0.0000 -1.0000 
Nb7   0.00060  0.00057  0.85362  0.0000  0.0000 -1.0000 
Nb6   0.50060  0.50057  0.35362  0.0000  0.0000 -1.0000 
Nb8   0.50060  0.50057  0.85362  0.0000  0.0000 -1.0000 

P4/mmm[0,0,0]GM1+(a)[O2:i:dsp]A1(a) normfactor =  0.02284
O16   0.75060  0.25057  0.66812  0.0000  0.0000  1.0000 
O14   0.75060  0.25057  0.16812  0.0000  0.0000  1.0000 
O15   0.25060  0.75057  0.66812  0.0000  0.0000  1.0000 
O13   0.25060  0.75057  0.16812  0.0000  0.0000  1.0000 
O9    0.25060  0.75057  0.33266  0.0000  0.0000 -1.0000 
O11   0.25060  0.75057  0.83266  0.0000  0.0000 -1.0000 
O10   0.75060  0.25057  0.33266  0.0000  0.0000 -1.0000 
O12   0.75060  0.25057  0.83266  0.0000  0.0000 -1.0000 
O6    0.75060  0.75057  0.33266  0.0000  0.0000 -1.0000 
O8    0.75060  0.75057  0.83266  0.0000  0.0000 -1.0000 
O5    0.25060  0.25057  0.33266  0.0000  0.0000 -1.0000 
O7    0.25060  0.25057  0.83266  0.0000  0.0000 -1.0000 
O20   0.75060  0.75057  0.66812  0.0000  0.0000  1.0000 
O18   0.75060  0.75057  0.16812  0.0000  0.0000  1.0000 
O19   0.25060  0.25057  0.66812  0.0000  0.0000  1.0000 
O17   0.25060  0.25057  0.16812  0.0000  0.0000  1.0000 

P4/mmm[0,0,0]GM1+(a)[O3:g:dsp]A1(a) normfactor =  0.03231
O23   0.00060  0.00057  0.56538  0.0000  0.0000  1.0000 
O21   0.00060  0.00057  0.06538  0.0000  0.0000  1.0000 
O24   0.50060  0.50057  0.56538  0.0000  0.0000  1.0000 
O22   0.50060  0.50057  0.06538  0.0000  0.0000  1.0000 
O25   0.00060  0.00057  0.43540  0.0000  0.0000 -1.0000 
O27   0.00060  0.00057  0.93540  0.0000  0.0000 -1.0000 
O26   0.50060  0.50057  0.43540  0.0000  0.0000 -1.0000 
O28   0.50060  0.50057  0.93540  0.0000  0.0000 -1.0000 

P4/mmm[0,0,0]GM2+(a)[O2:i:dsp]A1(a) normfactor =  0.02284
O16   0.75060  0.25057  0.66812  0.0000  0.0000  1.0000 
O14   0.75060  0.25057  0.16812  0.0000  0.0000  1.0000 
O15   0.25060  0.75057  0.66812  0.0000  0.0000  1.0000 
O13   0.25060  0.75057  0.16812  0.0000  0.0000  1.0000 
O9    0.25060  0.75057  0.33266  0.0000  0.0000 -1.0000 
O11   0.25060  0.75057  0.83266  0.0000  0.0000 -1.0000 
O10   0.75060  0.25057  0.33266  0.0000  0.0000 -1.0000 
O12   0.75060  0.25057  0.83266  0.0000  0.0000 -1.0000 
O6    0.75060  0.75057  0.33266  0.0000  0.0000  1.0000 
O8    0.75060  0.75057  0.83266  0.0000  0.0000  1.0000 
O5    0.25060  0.25057  0.33266  0.0000  0.0000  1.0000 
O7    0.25060  0.25057  0.83266  0.0000  0.0000  1.0000 
O20   0.75060  0.75057  0.66812  0.0000  0.0000 -1.0000 
O18   0.75060  0.75057  0.16812  0.0000  0.0000 -1.0000 
O19   0.25060  0.25057  0.66812  0.0000  0.0000 -1.0000 
O17   0.25060  0.25057  0.16812  0.0000  0.0000 -1.0000 

P4/mmm[0,0,0]GM5+(a,b)[Nb1:g:dsp]E(a) normfactor =  0.06531
Nb3   0.00060  0.00057  0.64716  1.0000 -1.0000  0.0000 
Nb1   0.00060  0.00057  0.14716  1.0000 -1.0000  0.0000 
Nb4   0.50060  0.50057  0.64716  1.0000 -1.0000  0.0000 
Nb2   0.50060  0.50057  0.14716  1.0000 -1.0000  0.0000 
Nb5   0.00060  0.00057  0.35362 -1.0000  1.0000  0.0000 
Nb7   0.00060  0.00057  0.85362 -1.0000  1.0000  0.0000 
Nb6   0.50060  0.50057  0.35362 -1.0000  1.0000  0.0000 
Nb8   0.50060  0.50057  0.85362 -1.0000  1.0000  0.0000 

P4/mmm[0,0,0]GM5+(a,b)[Nb1:g:dsp]E(b) normfactor =  0.06531
Nb3   0.00060  0.00057  0.64716  1.0000  1.0000  0.0000 
Nb1   0.00060  0.00057  0.14716  1.0000  1.0000  0.0000 
Nb4   0.50060  0.50057  0.64716  1.0000  1.0000  0.0000 
Nb2   0.50060  0.50057  0.14716  1.0000  1.0000  0.0000 
Nb5   0.00060  0.00057  0.35362 -1.0000 -1.0000  0.0000 
Nb7   0.00060  0.00057  0.85362 -1.0000 -1.0000  0.0000 
Nb6   0.50060  0.50057  0.35362 -1.0000 -1.0000  0.0000 
Nb8   0.50060  0.50057  0.85362 -1.0000 -1.0000  0.0000 

P4/mmm[0,0,0]GM5+(a,b)[O2:i:dsp]B2(a) normfactor =  0.06531
O16   0.75060  0.25057  0.66812 -1.0000  1.0000  0.0000 
O14   0.75060  0.25057  0.16812 -1.0000  1.0000  0.0000 
O15   0.25060  0.75057  0.66812 -1.0000  1.0000  0.0000 
O13   0.25060  0.75057  0.16812 -1.0000  1.0000  0.0000 
O9    0.25060  0.75057  0.33266  1.0000 -1.0000  0.0000 
O11   0.25060  0.75057  0.83266  1.0000 -1.0000  0.0000 
O10   0.75060  0.25057  0.33266  1.0000 -1.0000  0.0000 
O12   0.75060  0.25057  0.83266  1.0000 -1.0000  0.0000 
O6    0.75060  0.75057  0.33266  0.0000  0.0000  0.0000 
O8    0.75060  0.75057  0.83266  0.0000  0.0000  0.0000 
O5    0.25060  0.25057  0.33266  0.0000  0.0000  0.0000 
O7    0.25060  0.25057  0.83266  0.0000  0.0000  0.0000 
O20   0.75060  0.75057  0.66812  0.0000  0.0000  0.0000 
O18   0.75060  0.75057  0.16812  0.0000  0.0000  0.0000 
O19   0.25060  0.25057  0.66812  0.0000  0.0000  0.0000 
O17   0.25060  0.25057  0.16812  0.0000  0.0000  0.0000 

P4/mmm[0,0,0]GM5+(a,b)[O2:i:dsp]B2(b) normfactor =  0.06531
O16   0.75060  0.25057  0.66812  0.0000  0.0000  0.0000 
O14   0.75060  0.25057  0.16812  0.0000  0.0000  0.0000 
O15   0.25060  0.75057  0.66812  0.0000  0.0000  0.0000 
O13   0.25060  0.75057  0.16812  0.0000  0.0000  0.0000 
O9    0.25060  0.75057  0.33266  0.0000  0.0000  0.0000 
O11   0.25060  0.75057  0.83266  0.0000  0.0000  0.0000 
O10   0.75060  0.25057  0.33266  0.0000  0.0000  0.0000 
O12   0.75060  0.25057  0.83266  0.0000  0.0000  0.0000 
O6    0.75060  0.75057  0.33266  1.0000  1.0000  0.0000 
O8    0.75060  0.75057  0.83266  1.0000  1.0000  0.0000 
O5    0.25060  0.25057  0.33266  1.0000  1.0000  0.0000 
O7    0.25060  0.25057  0.83266  1.0000  1.0000  0.0000 
O20   0.75060  0.75057  0.66812 -1.0000 -1.0000  0.0000 
O18   0.75060  0.75057  0.16812 -1.0000 -1.0000  0.0000 
O19   0.25060  0.25057  0.66812 -1.0000 -1.0000  0.0000 
O17   0.25060  0.25057  0.16812 -1.0000 -1.0000  0.0000 

P4/mmm[0,0,0]GM5+(a,b)[O2:i:dsp]B1(a) normfactor =  0.06531
O16   0.75060  0.25057  0.66812  0.0000  0.0000  0.0000 
O14   0.75060  0.25057  0.16812  0.0000  0.0000  0.0000 
O15   0.25060  0.75057  0.66812  0.0000  0.0000  0.0000 
O13   0.25060  0.75057  0.16812  0.0000  0.0000  0.0000 
O9    0.25060  0.75057  0.33266  0.0000  0.0000  0.0000 
O11   0.25060  0.75057  0.83266  0.0000  0.0000  0.0000 
O10   0.75060  0.25057  0.33266  0.0000  0.0000  0.0000 
O12   0.75060  0.25057  0.83266  0.0000  0.0000  0.0000 
O6    0.75060  0.75057  0.33266 -1.0000  1.0000  0.0000 
O8    0.75060  0.75057  0.83266 -1.0000  1.0000  0.0000 
O5    0.25060  0.25057  0.33266 -1.0000  1.0000  0.0000 
O7    0.25060  0.25057  0.83266 -1.0000  1.0000  0.0000 
O20   0.75060  0.75057  0.66812  1.0000 -1.0000  0.0000 
O18   0.75060  0.75057  0.16812  1.0000 -1.0000  0.0000 
O19   0.25060  0.25057  0.66812  1.0000 -1.0000  0.0000 
O17   0.25060  0.25057  0.16812  1.0000 -1.0000  0.0000 

P4/mmm[0,0,0]GM5+(a,b)[O2:i:dsp]B1(b) normfactor =  0.06531
O16   0.75060  0.25057  0.66812  1.0000  1.0000  0.0000 
O14   0.75060  0.25057  0.16812  1.0000  1.0000  0.0000 
O15   0.25060  0.75057  0.66812  1.0000  1.0000  0.0000 
O13   0.25060  0.75057  0.16812  1.0000  1.0000  0.0000 
O9    0.25060  0.75057  0.33266 -1.0000 -1.0000  0.0000 
O11   0.25060  0.75057  0.83266 -1.0000 -1.0000  0.0000 
O10   0.75060  0.25057  0.33266 -1.0000 -1.0000  0.0000 
O12   0.75060  0.25057  0.83266 -1.0000 -1.0000  0.0000 
O6    0.75060  0.75057  0.33266  0.0000  0.0000  0.0000 
O8    0.75060  0.75057  0.83266  0.0000  0.0000  0.0000 
O5    0.25060  0.25057  0.33266  0.0000  0.0000  0.0000 
O7    0.25060  0.25057  0.83266  0.0000  0.0000  0.0000 
O20   0.75060  0.75057  0.66812  0.0000  0.0000  0.0000 
O18   0.75060  0.75057  0.16812  0.0000  0.0000  0.0000 
O19   0.25060  0.25057  0.66812  0.0000  0.0000  0.0000 
O17   0.25060  0.25057  0.16812  0.0000  0.0000  0.0000 

P4/mmm[0,0,0]GM5+(a,b)[O3:g:dsp]E(a) normfactor =  0.06531
O23   0.00060  0.00057  0.56538  1.0000 -1.0000  0.0000 
O21   0.00060  0.00057  0.06538  1.0000 -1.0000  0.0000 
O24   0.50060  0.50057  0.56538  1.0000 -1.0000  0.0000 
O22   0.50060  0.50057  0.06538  1.0000 -1.0000  0.0000 
O25   0.00060  0.00057  0.43540 -1.0000  1.0000  0.0000 
O27   0.00060  0.00057  0.93540 -1.0000  1.0000  0.0000 
O26   0.50060  0.50057  0.43540 -1.0000  1.0000  0.0000 
O28   0.50060  0.50057  0.93540 -1.0000  1.0000  0.0000 

P4/mmm[0,0,0]GM5+(a,b)[O3:g:dsp]E(b) normfactor =  0.06531
O23   0.00060  0.00057  0.56538  1.0000  1.0000  0.0000 
O21   0.00060  0.00057  0.06538  1.0000  1.0000  0.0000 
O24   0.50060  0.50057  0.56538  1.0000  1.0000  0.0000 
O22   0.50060  0.50057  0.06538  1.0000  1.0000  0.0000 
O25   0.00060  0.00057  0.43540 -1.0000 -1.0000  0.0000 
O27   0.00060  0.00057  0.93540 -1.0000 -1.0000  0.0000 
O26   0.50060  0.50057  0.43540 -1.0000 -1.0000  0.0000 
O28   0.50060  0.50057  0.93540 -1.0000 -1.0000  0.0000 

P4/mmm[0,0,0]GM3-(a)[Na1:c:dsp]A2u(a) normfactor =  0.04569
Na4   0.00060  0.50057  0.50039  0.0000  0.0000  1.0000 
Na2   0.00060  0.50057  0.00039  0.0000  0.0000  1.0000 
Na3   0.50060  0.00057  0.50039  0.0000  0.0000  1.0000 
Na1   0.50060  0.00057  0.00039  0.0000  0.0000  1.0000 

P4/mmm[0,0,0]GM3-(a)[Nd1:d:dsp]A2u(a) normfactor =  0.04569
Nd4   0.00060  0.50057  0.75039  0.0000  0.0000  1.0000 
Nd2   0.00060  0.50057  0.25039  0.0000  0.0000  1.0000 
Nd3   0.50060  0.00057  0.75039  0.0000  0.0000  1.0000 
Nd1   0.50060  0.00057  0.25039  0.0000  0.0000  1.0000 

P4/mmm[0,0,0]GM3-(a)[Nb1:g:dsp]A1(a) normfactor =  0.03231
Nb3   0.00060  0.00057  0.64716  0.0000  0.0000  1.0000 
Nb1   0.00060  0.00057  0.14716  0.0000  0.0000  1.0000 
Nb4   0.50060  0.50057  0.64716  0.0000  0.0000  1.0000 
Nb2   0.50060  0.50057  0.14716  0.0000  0.0000  1.0000 
Nb5   0.00060  0.00057  0.35362  0.0000  0.0000  1.0000 
Nb7   0.00060  0.00057  0.85362  0.0000  0.0000  1.0000 
Nb6   0.50060  0.50057  0.35362  0.0000  0.0000  1.0000 
Nb8   0.50060  0.50057  0.85362  0.0000  0.0000  1.0000 

P4/mmm[0,0,0]GM3-(a)[O1:b:dsp]A2u(a) normfactor =  0.04569
O3    0.00060  0.00057  0.75039  0.0000  0.0000  1.0000 
O1    0.00060  0.00057  0.25039  0.0000  0.0000  1.0000 
O4    0.50060  0.50057  0.75039  0.0000  0.0000  1.0000 
O2    0.50060  0.50057  0.25039  0.0000  0.0000  1.0000 

P4/mmm[0,0,0]GM3-(a)[O2:i:dsp]A1(a) normfactor =  0.02284
O16   0.75060  0.25057  0.66812  0.0000  0.0000  1.0000 
O14   0.75060  0.25057  0.16812  0.0000  0.0000  1.0000 
O15   0.25060  0.75057  0.66812  0.0000  0.0000  1.0000 
O13   0.25060  0.75057  0.16812  0.0000  0.0000  1.0000 
O9    0.25060  0.75057  0.33266  0.0000  0.0000  1.0000 
O11   0.25060  0.75057  0.83266  0.0000  0.0000  1.0000 
O10   0.75060  0.25057  0.33266  0.0000  0.0000  1.0000 
O12   0.75060  0.25057  0.83266  0.0000  0.0000  1.0000 
O6    0.75060  0.75057  0.33266  0.0000  0.0000  1.0000 
O8    0.75060  0.75057  0.83266  0.0000  0.0000  1.0000 
O5    0.25060  0.25057  0.33266  0.0000  0.0000  1.0000 
O7    0.25060  0.25057  0.83266  0.0000  0.0000  1.0000 
O20   0.75060  0.75057  0.66812  0.0000  0.0000  1.0000 
O18   0.75060  0.75057  0.16812  0.0000  0.0000  1.0000 
O19   0.25060  0.25057  0.66812  0.0000  0.0000  1.0000 
O17   0.25060  0.25057  0.16812  0.0000  0.0000  1.0000 

P4/mmm[0,0,0]GM3-(a)[O3:g:dsp]A1(a) normfactor =  0.03231
O23   0.00060  0.00057  0.56538  0.0000  0.0000  1.0000 
O21   0.00060  0.00057  0.06538  0.0000  0.0000  1.0000 
O24   0.50060  0.50057  0.56538  0.0000  0.0000  1.0000 
O22   0.50060  0.50057  0.06538  0.0000  0.0000  1.0000 
O25   0.00060  0.00057  0.43540  0.0000  0.0000  1.0000 
O27   0.00060  0.00057  0.93540  0.0000  0.0000  1.0000 
O26   0.50060  0.50057  0.43540  0.0000  0.0000  1.0000 
O28   0.50060  0.50057  0.93540  0.0000  0.0000  1.0000 

P4/mmm[0,0,0]GM4-(a)[O2:i:dsp]A1(a) normfactor =  0.02284
O16   0.75060  0.25057  0.66812  0.0000  0.0000  1.0000 
O14   0.75060  0.25057  0.16812  0.0000  0.0000  1.0000 
O15   0.25060  0.75057  0.66812  0.0000  0.0000  1.0000 
O13   0.25060  0.75057  0.16812  0.0000  0.0000  1.0000 
O9    0.25060  0.75057  0.33266  0.0000  0.0000  1.0000 
O11   0.25060  0.75057  0.83266  0.0000  0.0000  1.0000 
O10   0.75060  0.25057  0.33266  0.0000  0.0000  1.0000 
O12   0.75060  0.25057  0.83266  0.0000  0.0000  1.0000 
O6    0.75060  0.75057  0.33266  0.0000  0.0000 -1.0000 
O8    0.75060  0.75057  0.83266  0.0000  0.0000 -1.0000 
O5    0.25060  0.25057  0.33266  0.0000  0.0000 -1.0000 
O7    0.25060  0.25057  0.83266  0.0000  0.0000 -1.0000 
O20   0.75060  0.75057  0.66812  0.0000  0.0000 -1.0000 
O18   0.75060  0.75057  0.16812  0.0000  0.0000 -1.0000 
O19   0.25060  0.25057  0.66812  0.0000  0.0000 -1.0000 
O17   0.25060  0.25057  0.16812  0.0000  0.0000 -1.0000 

P4/mmm[0,0,0]GM5-(a,b)[Na1:c:dsp]Eu(a) normfactor =  0.09236
Na4   0.00060  0.50057  0.50039  1.0000  1.0000  0.0000 
Na2   0.00060  0.50057  0.00039  1.0000  1.0000  0.0000 
Na3   0.50060  0.00057  0.50039  1.0000  1.0000  0.0000 
Na1   0.50060  0.00057  0.00039  1.0000  1.0000  0.0000 

P4/mmm[0,0,0]GM5-(a,b)[Na1:c:dsp]Eu(b) normfactor =  0.09236
Na4   0.00060  0.50057  0.50039 -1.0000  1.0000  0.0000 
Na2   0.00060  0.50057  0.00039 -1.0000  1.0000  0.0000 
Na3   0.50060  0.00057  0.50039 -1.0000  1.0000  0.0000 
Na1   0.50060  0.00057  0.00039 -1.0000  1.0000  0.0000 

P4/mmm[0,0,0]GM5-(a,b)[Nd1:d:dsp]Eu(a) normfactor =  0.09236
Nd4   0.00060  0.50057  0.75039  1.0000  1.0000  0.0000 
Nd2   0.00060  0.50057  0.25039  1.0000  1.0000  0.0000 
Nd3   0.50060  0.00057  0.75039  1.0000  1.0000  0.0000 
Nd1   0.50060  0.00057  0.25039  1.0000  1.0000  0.0000 

P4/mmm[0,0,0]GM5-(a,b)[Nd1:d:dsp]Eu(b) normfactor =  0.09236
Nd4   0.00060  0.50057  0.75039 -1.0000  1.0000  0.0000 
Nd2   0.00060  0.50057  0.25039 -1.0000  1.0000  0.0000 
Nd3   0.50060  0.00057  0.75039 -1.0000  1.0000  0.0000 
Nd1   0.50060  0.00057  0.25039 -1.0000  1.0000  0.0000 

P4/mmm[0,0,0]GM5-(a,b)[Nb1:g:dsp]E(a) normfactor =  0.06531
Nb3   0.00060  0.00057  0.64716  1.0000  1.0000  0.0000 
Nb1   0.00060  0.00057  0.14716  1.0000  1.0000  0.0000 
Nb4   0.50060  0.50057  0.64716  1.0000  1.0000  0.0000 
Nb2   0.50060  0.50057  0.14716  1.0000  1.0000  0.0000 
Nb5   0.00060  0.00057  0.35362  1.0000  1.0000  0.0000 
Nb7   0.00060  0.00057  0.85362  1.0000  1.0000  0.0000 
Nb6   0.50060  0.50057  0.35362  1.0000  1.0000  0.0000 
Nb8   0.50060  0.50057  0.85362  1.0000  1.0000  0.0000 

P4/mmm[0,0,0]GM5-(a,b)[Nb1:g:dsp]E(b) normfactor =  0.06531
Nb3   0.00060  0.00057  0.64716 -1.0000  1.0000  0.0000 
Nb1   0.00060  0.00057  0.14716 -1.0000  1.0000  0.0000 
Nb4   0.50060  0.50057  0.64716 -1.0000  1.0000  0.0000 
Nb2   0.50060  0.50057  0.14716 -1.0000  1.0000  0.0000 
Nb5   0.00060  0.00057  0.35362 -1.0000  1.0000  0.0000 
Nb7   0.00060  0.00057  0.85362 -1.0000  1.0000  0.0000 
Nb6   0.50060  0.50057  0.35362 -1.0000  1.0000  0.0000 
Nb8   0.50060  0.50057  0.85362 -1.0000  1.0000  0.0000 

P4/mmm[0,0,0]GM5-(a,b)[O1:b:dsp]Eu(a) normfactor =  0.09236
O3    0.00060  0.00057  0.75039  1.0000  1.0000  0.0000 
O1    0.00060  0.00057  0.25039  1.0000  1.0000  0.0000 
O4    0.50060  0.50057  0.75039  1.0000  1.0000  0.0000 
O2    0.50060  0.50057  0.25039  1.0000  1.0000  0.0000 

P4/mmm[0,0,0]GM5-(a,b)[O1:b:dsp]Eu(b) normfactor =  0.09236
O3    0.00060  0.00057  0.75039 -1.0000  1.0000  0.0000 
O1    0.00060  0.00057  0.25039 -1.0000  1.0000  0.0000 
O4    0.50060  0.50057  0.75039 -1.0000  1.0000  0.0000 
O2    0.50060  0.50057  0.25039 -1.0000  1.0000  0.0000 

P4/mmm[0,0,0]GM5-(a,b)[O2:i:dsp]B2(a) normfactor =  0.06531
O16   0.75060  0.25057  0.66812  0.0000  0.0000  0.0000 
O14   0.75060  0.25057  0.16812  0.0000  0.0000  0.0000 
O15   0.25060  0.75057  0.66812  0.0000  0.0000  0.0000 
O13   0.25060  0.75057  0.16812  0.0000  0.0000  0.0000 
O9    0.25060  0.75057  0.33266  0.0000  0.0000  0.0000 
O11   0.25060  0.75057  0.83266  0.0000  0.0000  0.0000 
O10   0.75060  0.25057  0.33266  0.0000  0.0000  0.0000 
O12   0.75060  0.25057  0.83266  0.0000  0.0000  0.0000 
O6    0.75060  0.75057  0.33266  1.0000  1.0000  0.0000 
O8    0.75060  0.75057  0.83266  1.0000  1.0000  0.0000 
O5    0.25060  0.25057  0.33266  1.0000  1.0000  0.0000 
O7    0.25060  0.25057  0.83266  1.0000  1.0000  0.0000 
O20   0.75060  0.75057  0.66812  1.0000  1.0000  0.0000 
O18   0.75060  0.75057  0.16812  1.0000  1.0000  0.0000 
O19   0.25060  0.25057  0.66812  1.0000  1.0000  0.0000 
O17   0.25060  0.25057  0.16812  1.0000  1.0000  0.0000 

P4/mmm[0,0,0]GM5-(a,b)[O2:i:dsp]B2(b) normfactor =  0.06531
O16   0.75060  0.25057  0.66812 -1.0000  1.0000  0.0000 
O14   0.75060  0.25057  0.16812 -1.0000  1.0000  0.0000 
O15   0.25060  0.75057  0.66812 -1.0000  1.0000  0.0000 
O13   0.25060  0.75057  0.16812 -1.0000  1.0000  0.0000 
O9    0.25060  0.75057  0.33266 -1.0000  1.0000  0.0000 
O11   0.25060  0.75057  0.83266 -1.0000  1.0000  0.0000 
O10   0.75060  0.25057  0.33266 -1.0000  1.0000  0.0000 
O12   0.75060  0.25057  0.83266 -1.0000  1.0000  0.0000 
O6    0.75060  0.75057  0.33266  0.0000  0.0000  0.0000 
O8    0.75060  0.75057  0.83266  0.0000  0.0000  0.0000 
O5    0.25060  0.25057  0.33266  0.0000  0.0000  0.0000 
O7    0.25060  0.25057  0.83266  0.0000  0.0000  0.0000 
O20   0.75060  0.75057  0.66812  0.0000  0.0000  0.0000 
O18   0.75060  0.75057  0.16812  0.0000  0.0000  0.0000 
O19   0.25060  0.25057  0.66812  0.0000  0.0000  0.0000 
O17   0.25060  0.25057  0.16812  0.0000  0.0000  0.0000 

P4/mmm[0,0,0]GM5-(a,b)[O2:i:dsp]B1(a) normfactor =  0.06531
O16   0.75060  0.25057  0.66812  1.0000  1.0000  0.0000 
O14   0.75060  0.25057  0.16812  1.0000  1.0000  0.0000 
O15   0.25060  0.75057  0.66812  1.0000  1.0000  0.0000 
O13   0.25060  0.75057  0.16812  1.0000  1.0000  0.0000 
O9    0.25060  0.75057  0.33266  1.0000  1.0000  0.0000 
O11   0.25060  0.75057  0.83266  1.0000  1.0000  0.0000 
O10   0.75060  0.25057  0.33266  1.0000  1.0000  0.0000 
O12   0.75060  0.25057  0.83266  1.0000  1.0000  0.0000 
O6    0.75060  0.75057  0.33266  0.0000  0.0000  0.0000 
O8    0.75060  0.75057  0.83266  0.0000  0.0000  0.0000 
O5    0.25060  0.25057  0.33266  0.0000  0.0000  0.0000 
O7    0.25060  0.25057  0.83266  0.0000  0.0000  0.0000 
O20   0.75060  0.75057  0.66812  0.0000  0.0000  0.0000 
O18   0.75060  0.75057  0.16812  0.0000  0.0000  0.0000 
O19   0.25060  0.25057  0.66812  0.0000  0.0000  0.0000 
O17   0.25060  0.25057  0.16812  0.0000  0.0000  0.0000 

P4/mmm[0,0,0]GM5-(a,b)[O2:i:dsp]B1(b) normfactor =  0.06531
O16   0.75060  0.25057  0.66812  0.0000  0.0000  0.0000 
O14   0.75060  0.25057  0.16812  0.0000  0.0000  0.0000 
O15   0.25060  0.75057  0.66812  0.0000  0.0000  0.0000 
O13   0.25060  0.75057  0.16812  0.0000  0.0000  0.0000 
O9    0.25060  0.75057  0.33266  0.0000  0.0000  0.0000 
O11   0.25060  0.75057  0.83266  0.0000  0.0000  0.0000 
O10   0.75060  0.25057  0.33266  0.0000  0.0000  0.0000 
O12   0.75060  0.25057  0.83266  0.0000  0.0000  0.0000 
O6    0.75060  0.75057  0.33266 -1.0000  1.0000  0.0000 
O8    0.75060  0.75057  0.83266 -1.0000  1.0000  0.0000 
O5    0.25060  0.25057  0.33266 -1.0000  1.0000  0.0000 
O7    0.25060  0.25057  0.83266 -1.0000  1.0000  0.0000 
O20   0.75060  0.75057  0.66812 -1.0000  1.0000  0.0000 
O18   0.75060  0.75057  0.16812 -1.0000  1.0000  0.0000 
O19   0.25060  0.25057  0.66812 -1.0000  1.0000  0.0000 
O17   0.25060  0.25057  0.16812 -1.0000  1.0000  0.0000 

P4/mmm[0,0,0]GM5-(a,b)[O3:g:dsp]E(a) normfactor =  0.06531
O23   0.00060  0.00057  0.56538  1.0000  1.0000  0.0000 
O21   0.00060  0.00057  0.06538  1.0000  1.0000  0.0000 
O24   0.50060  0.50057  0.56538  1.0000  1.0000  0.0000 
O22   0.50060  0.50057  0.06538  1.0000  1.0000  0.0000 
O25   0.00060  0.00057  0.43540  1.0000  1.0000  0.0000 
O27   0.00060  0.00057  0.93540  1.0000  1.0000  0.0000 
O26   0.50060  0.50057  0.43540  1.0000  1.0000  0.0000 
O28   0.50060  0.50057  0.93540  1.0000  1.0000  0.0000 

P4/mmm[0,0,0]GM5-(a,b)[O3:g:dsp]E(b) normfactor =  0.06531
O23   0.00060  0.00057  0.56538 -1.0000  1.0000  0.0000 
O21   0.00060  0.00057  0.06538 -1.0000  1.0000  0.0000 
O24   0.50060  0.50057  0.56538 -1.0000  1.0000  0.0000 
O22   0.50060  0.50057  0.06538 -1.0000  1.0000  0.0000 
O25   0.00060  0.00057  0.43540 -1.0000  1.0000  0.0000 
O27   0.00060  0.00057  0.93540 -1.0000  1.0000  0.0000 
O26   0.50060  0.50057  0.43540 -1.0000  1.0000  0.0000 
O28   0.50060  0.50057  0.93540 -1.0000  1.0000  0.0000 

P4/mmm[1/2,1/2,0]M1+(a)[Nb1:g:dsp]A1(a) normfactor =  0.03231
Nb3   0.00060  0.00057  0.64716  0.0000  0.0000  1.0000 
Nb1   0.00060  0.00057  0.14716  0.0000  0.0000  1.0000 
Nb4   0.50060  0.50057  0.64716  0.0000  0.0000 -1.0000 
Nb2   0.50060  0.50057  0.14716  0.0000  0.0000 -1.0000 
Nb5   0.00060  0.00057  0.35362  0.0000  0.0000 -1.0000 
Nb7   0.00060  0.00057  0.85362  0.0000  0.0000 -1.0000 
Nb6   0.50060  0.50057  0.35362  0.0000  0.0000  1.0000 
Nb8   0.50060  0.50057  0.85362  0.0000  0.0000  1.0000 

P4/mmm[1/2,1/2,0]M1+(a)[O2:i:dsp]B2(a) normfactor =  0.04618
O16   0.75060  0.25057  0.66812 -1.0000  1.0000  0.0000 
O14   0.75060  0.25057  0.16812 -1.0000  1.0000  0.0000 
O15   0.25060  0.75057  0.66812  1.0000 -1.0000  0.0000 
O13   0.25060  0.75057  0.16812  1.0000 -1.0000  0.0000 
O9    0.25060  0.75057  0.33266  1.0000 -1.0000  0.0000 
O11   0.25060  0.75057  0.83266  1.0000 -1.0000  0.0000 
O10   0.75060  0.25057  0.33266 -1.0000  1.0000  0.0000 
O12   0.75060  0.25057  0.83266 -1.0000  1.0000  0.0000 
O6    0.75060  0.75057  0.33266 -1.0000 -1.0000  0.0000 
O8    0.75060  0.75057  0.83266 -1.0000 -1.0000  0.0000 
O5    0.25060  0.25057  0.33266  1.0000  1.0000  0.0000 
O7    0.25060  0.25057  0.83266  1.0000  1.0000  0.0000 
O20   0.75060  0.75057  0.66812 -1.0000 -1.0000  0.0000 
O18   0.75060  0.75057  0.16812 -1.0000 -1.0000  0.0000 
O19   0.25060  0.25057  0.66812  1.0000  1.0000  0.0000 
O17   0.25060  0.25057  0.16812  1.0000  1.0000  0.0000 

P4/mmm[1/2,1/2,0]M1+(a)[O3:g:dsp]A1(a) normfactor =  0.03231
O23   0.00060  0.00057  0.56538  0.0000  0.0000  1.0000 
O21   0.00060  0.00057  0.06538  0.0000  0.0000  1.0000 
O24   0.50060  0.50057  0.56538  0.0000  0.0000 -1.0000 
O22   0.50060  0.50057  0.06538  0.0000  0.0000 -1.0000 
O25   0.00060  0.00057  0.43540  0.0000  0.0000 -1.0000 
O27   0.00060  0.00057  0.93540  0.0000  0.0000 -1.0000 
O26   0.50060  0.50057  0.43540  0.0000  0.0000  1.0000 
O28   0.50060  0.50057  0.93540  0.0000  0.0000  1.0000 

P4/mmm[1/2,1/2,0]M2+(a)[O2:i:dsp]B2(a) normfactor =  0.04618
O16   0.75060  0.25057  0.66812 -1.0000  1.0000  0.0000 
O14   0.75060  0.25057  0.16812 -1.0000  1.0000  0.0000 
O15   0.25060  0.75057  0.66812  1.0000 -1.0000  0.0000 
O13   0.25060  0.75057  0.16812  1.0000 -1.0000  0.0000 
O9    0.25060  0.75057  0.33266  1.0000 -1.0000  0.0000 
O11   0.25060  0.75057  0.83266  1.0000 -1.0000  0.0000 
O10   0.75060  0.25057  0.33266 -1.0000  1.0000  0.0000 
O12   0.75060  0.25057  0.83266 -1.0000  1.0000  0.0000 
O6    0.75060  0.75057  0.33266  1.0000  1.0000  0.0000 
O8    0.75060  0.75057  0.83266  1.0000  1.0000  0.0000 
O5    0.25060  0.25057  0.33266 -1.0000 -1.0000  0.0000 
O7    0.25060  0.25057  0.83266 -1.0000 -1.0000  0.0000 
O20   0.75060  0.75057  0.66812  1.0000  1.0000  0.0000 
O18   0.75060  0.75057  0.16812  1.0000  1.0000  0.0000 
O19   0.25060  0.25057  0.66812 -1.0000 -1.0000  0.0000 
O17   0.25060  0.25057  0.16812 -1.0000 -1.0000  0.0000 

P4/mmm[1/2,1/2,0]M3+(a)[O2:i:dsp]B1(a) normfactor =  0.04618
O16   0.75060  0.25057  0.66812  1.0000  1.0000  0.0000 
O14   0.75060  0.25057  0.16812  1.0000  1.0000  0.0000 
O15   0.25060  0.75057  0.66812 -1.0000 -1.0000  0.0000 
O13   0.25060  0.75057  0.16812 -1.0000 -1.0000  0.0000 
O9    0.25060  0.75057  0.33266 -1.0000 -1.0000  0.0000 
O11   0.25060  0.75057  0.83266 -1.0000 -1.0000  0.0000 
O10   0.75060  0.25057  0.33266  1.0000  1.0000  0.0000 
O12   0.75060  0.25057  0.83266  1.0000  1.0000  0.0000 
O6    0.75060  0.75057  0.33266 -1.0000  1.0000  0.0000 
O8    0.75060  0.75057  0.83266 -1.0000  1.0000  0.0000 
O5    0.25060  0.25057  0.33266  1.0000 -1.0000  0.0000 
O7    0.25060  0.25057  0.83266  1.0000 -1.0000  0.0000 
O20   0.75060  0.75057  0.66812 -1.0000  1.0000  0.0000 
O18   0.75060  0.75057  0.16812 -1.0000  1.0000  0.0000 
O19   0.25060  0.25057  0.66812  1.0000 -1.0000  0.0000 
O17   0.25060  0.25057  0.16812  1.0000 -1.0000  0.0000 

P4/mmm[1/2,1/2,0]M4+(a)[O2:i:dsp]B1(a) normfactor =  0.04618
O16   0.75060  0.25057  0.66812  1.0000  1.0000  0.0000 
O14   0.75060  0.25057  0.16812  1.0000  1.0000  0.0000 
O15   0.25060  0.75057  0.66812 -1.0000 -1.0000  0.0000 
O13   0.25060  0.75057  0.16812 -1.0000 -1.0000  0.0000 
O9    0.25060  0.75057  0.33266 -1.0000 -1.0000  0.0000 
O11   0.25060  0.75057  0.83266 -1.0000 -1.0000  0.0000 
O10   0.75060  0.25057  0.33266  1.0000  1.0000  0.0000 
O12   0.75060  0.25057  0.83266  1.0000  1.0000  0.0000 
O6    0.75060  0.75057  0.33266  1.0000 -1.0000  0.0000 
O8    0.75060  0.75057  0.83266  1.0000 -1.0000  0.0000 
O5    0.25060  0.25057  0.33266 -1.0000  1.0000  0.0000 
O7    0.25060  0.25057  0.83266 -1.0000  1.0000  0.0000 
O20   0.75060  0.75057  0.66812  1.0000 -1.0000  0.0000 
O18   0.75060  0.75057  0.16812  1.0000 -1.0000  0.0000 
O19   0.25060  0.25057  0.66812 -1.0000  1.0000  0.0000 
O17   0.25060  0.25057  0.16812 -1.0000  1.0000  0.0000 

P4/mmm[1/2,1/2,0]M5+(a,b)[Nb1:g:dsp]E(a) normfactor =  0.09236
Nb3   0.00060  0.00057  0.64716  1.0000  0.0000  0.0000 
Nb1   0.00060  0.00057  0.14716  1.0000  0.0000  0.0000 
Nb4   0.50060  0.50057  0.64716 -1.0000  0.0000  0.0000 
Nb2   0.50060  0.50057  0.14716 -1.0000  0.0000  0.0000 
Nb5   0.00060  0.00057  0.35362 -1.0000  0.0000  0.0000 
Nb7   0.00060  0.00057  0.85362 -1.0000  0.0000  0.0000 
Nb6   0.50060  0.50057  0.35362  1.0000  0.0000  0.0000 
Nb8   0.50060  0.50057  0.85362  1.0000  0.0000  0.0000 

P4/mmm[1/2,1/2,0]M5+(a,b)[Nb1:g:dsp]E(b) normfactor =  0.09236
Nb3   0.00060  0.00057  0.64716  0.0000  1.0000  0.0000 
Nb1   0.00060  0.00057  0.14716  0.0000  1.0000  0.0000 
Nb4   0.50060  0.50057  0.64716  0.0000 -1.0000  0.0000 
Nb2   0.50060  0.50057  0.14716  0.0000 -1.0000  0.0000 
Nb5   0.00060  0.00057  0.35362  0.0000 -1.0000  0.0000 
Nb7   0.00060  0.00057  0.85362  0.0000 -1.0000  0.0000 
Nb6   0.50060  0.50057  0.35362  0.0000  1.0000  0.0000 
Nb8   0.50060  0.50057  0.85362  0.0000  1.0000  0.0000 

P4/mmm[1/2,1/2,0]M5+(a,b)[O2:i:dsp]A1(a) normfactor =  0.02284
O16   0.75060  0.25057  0.66812  0.0000  0.0000  1.0000 
O14   0.75060  0.25057  0.16812  0.0000  0.0000  1.0000 
O15   0.25060  0.75057  0.66812  0.0000  0.0000 -1.0000 
O13   0.25060  0.75057  0.16812  0.0000  0.0000 -1.0000 
O9    0.25060  0.75057  0.33266  0.0000  0.0000 -1.0000 
O11   0.25060  0.75057  0.83266  0.0000  0.0000 -1.0000 
O10   0.75060  0.25057  0.33266  0.0000  0.0000  1.0000 
O12   0.75060  0.25057  0.83266  0.0000  0.0000  1.0000 
O6    0.75060  0.75057  0.33266  0.0000  0.0000  1.0000 
O8    0.75060  0.75057  0.83266  0.0000  0.0000  1.0000 
O5    0.25060  0.25057  0.33266  0.0000  0.0000 -1.0000 
O7    0.25060  0.25057  0.83266  0.0000  0.0000 -1.0000 
O20   0.75060  0.75057  0.66812  0.0000  0.0000  1.0000 
O18   0.75060  0.75057  0.16812  0.0000  0.0000  1.0000 
O19   0.25060  0.25057  0.66812  0.0000  0.0000 -1.0000 
O17   0.25060  0.25057  0.16812  0.0000  0.0000 -1.0000 

P4/mmm[1/2,1/2,0]M5+(a,b)[O2:i:dsp]A1(b) normfactor =  0.02284
O16   0.75060  0.25057  0.66812  0.0000  0.0000 -1.0000 
O14   0.75060  0.25057  0.16812  0.0000  0.0000 -1.0000 
O15   0.25060  0.75057  0.66812  0.0000  0.0000  1.0000 
O13   0.25060  0.75057  0.16812  0.0000  0.0000  1.0000 
O9    0.25060  0.75057  0.33266  0.0000  0.0000  1.0000 
O11   0.25060  0.75057  0.83266  0.0000  0.0000  1.0000 
O10   0.75060  0.25057  0.33266  0.0000  0.0000 -1.0000 
O12   0.75060  0.25057  0.83266  0.0000  0.0000 -1.0000 
O6    0.75060  0.75057  0.33266  0.0000  0.0000  1.0000 
O8    0.75060  0.75057  0.83266  0.0000  0.0000  1.0000 
O5    0.25060  0.25057  0.33266  0.0000  0.0000 -1.0000 
O7    0.25060  0.25057  0.83266  0.0000  0.0000 -1.0000 
O20   0.75060  0.75057  0.66812  0.0000  0.0000  1.0000 
O18   0.75060  0.75057  0.16812  0.0000  0.0000  1.0000 
O19   0.25060  0.25057  0.66812  0.0000  0.0000 -1.0000 
O17   0.25060  0.25057  0.16812  0.0000  0.0000 -1.0000 

P4/mmm[1/2,1/2,0]M5+(a,b)[O3:g:dsp]E(a) normfactor =  0.09236
O23   0.00060  0.00057  0.56538  1.0000  0.0000  0.0000 
O21   0.00060  0.00057  0.06538  1.0000  0.0000  0.0000 
O24   0.50060  0.50057  0.56538 -1.0000  0.0000  0.0000 
O22   0.50060  0.50057  0.06538 -1.0000  0.0000  0.0000 
O25   0.00060  0.00057  0.43540 -1.0000  0.0000  0.0000 
O27   0.00060  0.00057  0.93540 -1.0000  0.0000  0.0000 
O26   0.50060  0.50057  0.43540  1.0000  0.0000  0.0000 
O28   0.50060  0.50057  0.93540  1.0000  0.0000  0.0000 

P4/mmm[1/2,1/2,0]M5+(a,b)[O3:g:dsp]E(b) normfactor =  0.09236
O23   0.00060  0.00057  0.56538  0.0000  1.0000  0.0000 
O21   0.00060  0.00057  0.06538  0.0000  1.0000  0.0000 
O24   0.50060  0.50057  0.56538  0.0000 -1.0000  0.0000 
O22   0.50060  0.50057  0.06538  0.0000 -1.0000  0.0000 
O25   0.00060  0.00057  0.43540  0.0000 -1.0000  0.0000 
O27   0.00060  0.00057  0.93540  0.0000 -1.0000  0.0000 
O26   0.50060  0.50057  0.43540  0.0000  1.0000  0.0000 
O28   0.50060  0.50057  0.93540  0.0000  1.0000  0.0000 

P4/mmm[1/2,1/2,0]M1-(a)[O2:i:dsp]B1(a) normfactor =  0.04618
O16   0.75060  0.25057  0.66812  1.0000  1.0000  0.0000 
O14   0.75060  0.25057  0.16812  1.0000  1.0000  0.0000 
O15   0.25060  0.75057  0.66812 -1.0000 -1.0000  0.0000 
O13   0.25060  0.75057  0.16812 -1.0000 -1.0000  0.0000 
O9    0.25060  0.75057  0.33266  1.0000  1.0000  0.0000 
O11   0.25060  0.75057  0.83266  1.0000  1.0000  0.0000 
O10   0.75060  0.25057  0.33266 -1.0000 -1.0000  0.0000 
O12   0.75060  0.25057  0.83266 -1.0000 -1.0000  0.0000 
O6    0.75060  0.75057  0.33266  1.0000 -1.0000  0.0000 
O8    0.75060  0.75057  0.83266  1.0000 -1.0000  0.0000 
O5    0.25060  0.25057  0.33266 -1.0000  1.0000  0.0000 
O7    0.25060  0.25057  0.83266 -1.0000  1.0000  0.0000 
O20   0.75060  0.75057  0.66812 -1.0000  1.0000  0.0000 
O18   0.75060  0.75057  0.16812 -1.0000  1.0000  0.0000 
O19   0.25060  0.25057  0.66812  1.0000 -1.0000  0.0000 
O17   0.25060  0.25057  0.16812  1.0000 -1.0000  0.0000 

P4/mmm[1/2,1/2,0]M2-(a)[Na1:c:dsp]A2u(a) normfactor =  0.04569
Na4   0.00060  0.50057  0.50039  0.0000  0.0000  1.0000 
Na2   0.00060  0.50057  0.00039  0.0000  0.0000  1.0000 
Na3   0.50060  0.00057  0.50039  0.0000  0.0000 -1.0000 
Na1   0.50060  0.00057  0.00039  0.0000  0.0000 -1.0000 

P4/mmm[1/2,1/2,0]M2-(a)[Nd1:d:dsp]A2u(a) normfactor =  0.04569
Nd4   0.00060  0.50057  0.75039  0.0000  0.0000  1.0000 
Nd2   0.00060  0.50057  0.25039  0.0000  0.0000  1.0000 
Nd3   0.50060  0.00057  0.75039  0.0000  0.0000 -1.0000 
Nd1   0.50060  0.00057  0.25039  0.0000  0.0000 -1.0000 

P4/mmm[1/2,1/2,0]M2-(a)[O2:i:dsp]B1(a) normfactor =  0.04618
O16   0.75060  0.25057  0.66812  1.0000  1.0000  0.0000 
O14   0.75060  0.25057  0.16812  1.0000  1.0000  0.0000 
O15   0.25060  0.75057  0.66812 -1.0000 -1.0000  0.0000 
O13   0.25060  0.75057  0.16812 -1.0000 -1.0000  0.0000 
O9    0.25060  0.75057  0.33266  1.0000  1.0000  0.0000 
O11   0.25060  0.75057  0.83266  1.0000  1.0000  0.0000 
O10   0.75060  0.25057  0.33266 -1.0000 -1.0000  0.0000 
O12   0.75060  0.25057  0.83266 -1.0000 -1.0000  0.0000 
O6    0.75060  0.75057  0.33266 -1.0000  1.0000  0.0000 
O8    0.75060  0.75057  0.83266 -1.0000  1.0000  0.0000 
O5    0.25060  0.25057  0.33266  1.0000 -1.0000  0.0000 
O7    0.25060  0.25057  0.83266  1.0000 -1.0000  0.0000 
O20   0.75060  0.75057  0.66812  1.0000 -1.0000  0.0000 
O18   0.75060  0.75057  0.16812  1.0000 -1.0000  0.0000 
O19   0.25060  0.25057  0.66812 -1.0000  1.0000  0.0000 
O17   0.25060  0.25057  0.16812 -1.0000  1.0000  0.0000 

P4/mmm[1/2,1/2,0]M3-(a)[Nb1:g:dsp]A1(a) normfactor =  0.03231
Nb3   0.00060  0.00057  0.64716  0.0000  0.0000  1.0000 
Nb1   0.00060  0.00057  0.14716  0.0000  0.0000  1.0000 
Nb4   0.50060  0.50057  0.64716  0.0000  0.0000 -1.0000 
Nb2   0.50060  0.50057  0.14716  0.0000  0.0000 -1.0000 
Nb5   0.00060  0.00057  0.35362  0.0000  0.0000  1.0000 
Nb7   0.00060  0.00057  0.85362  0.0000  0.0000  1.0000 
Nb6   0.50060  0.50057  0.35362  0.0000  0.0000 -1.0000 
Nb8   0.50060  0.50057  0.85362  0.0000  0.0000 -1.0000 

P4/mmm[1/2,1/2,0]M3-(a)[O1:b:dsp]A2u(a) normfactor =  0.04569
O3    0.00060  0.00057  0.75039  0.0000  0.0000  1.0000 
O1    0.00060  0.00057  0.25039  0.0000  0.0000  1.0000 
O4    0.50060  0.50057  0.75039  0.0000  0.0000 -1.0000 
O2    0.50060  0.50057  0.25039  0.0000  0.0000 -1.0000 

P4/mmm[1/2,1/2,0]M3-(a)[O2:i:dsp]B2(a) normfactor =  0.04618
O16   0.75060  0.25057  0.66812 -1.0000  1.0000  0.0000 
O14   0.75060  0.25057  0.16812 -1.0000  1.0000  0.0000 
O15   0.25060  0.75057  0.66812  1.0000 -1.0000  0.0000 
O13   0.25060  0.75057  0.16812  1.0000 -1.0000  0.0000 
O9    0.25060  0.75057  0.33266 -1.0000  1.0000  0.0000 
O11   0.25060  0.75057  0.83266 -1.0000  1.0000  0.0000 
O10   0.75060  0.25057  0.33266  1.0000 -1.0000  0.0000 
O12   0.75060  0.25057  0.83266  1.0000 -1.0000  0.0000 
O6    0.75060  0.75057  0.33266  1.0000  1.0000  0.0000 
O8    0.75060  0.75057  0.83266  1.0000  1.0000  0.0000 
O5    0.25060  0.25057  0.33266 -1.0000 -1.0000  0.0000 
O7    0.25060  0.25057  0.83266 -1.0000 -1.0000  0.0000 
O20   0.75060  0.75057  0.66812 -1.0000 -1.0000  0.0000 
O18   0.75060  0.75057  0.16812 -1.0000 -1.0000  0.0000 
O19   0.25060  0.25057  0.66812  1.0000  1.0000  0.0000 
O17   0.25060  0.25057  0.16812  1.0000  1.0000  0.0000 

P4/mmm[1/2,1/2,0]M3-(a)[O3:g:dsp]A1(a) normfactor =  0.03231
O23   0.00060  0.00057  0.56538  0.0000  0.0000  1.0000 
O21   0.00060  0.00057  0.06538  0.0000  0.0000  1.0000 
O24   0.50060  0.50057  0.56538  0.0000  0.0000 -1.0000 
O22   0.50060  0.50057  0.06538  0.0000  0.0000 -1.0000 
O25   0.00060  0.00057  0.43540  0.0000  0.0000  1.0000 
O27   0.00060  0.00057  0.93540  0.0000  0.0000  1.0000 
O26   0.50060  0.50057  0.43540  0.0000  0.0000 -1.0000 
O28   0.50060  0.50057  0.93540  0.0000  0.0000 -1.0000 

P4/mmm[1/2,1/2,0]M4-(a)[O2:i:dsp]B2(a) normfactor =  0.04618
O16   0.75060  0.25057  0.66812 -1.0000  1.0000  0.0000 
O14   0.75060  0.25057  0.16812 -1.0000  1.0000  0.0000 
O15   0.25060  0.75057  0.66812  1.0000 -1.0000  0.0000 
O13   0.25060  0.75057  0.16812  1.0000 -1.0000  0.0000 
O9    0.25060  0.75057  0.33266 -1.0000  1.0000  0.0000 
O11   0.25060  0.75057  0.83266 -1.0000  1.0000  0.0000 
O10   0.75060  0.25057  0.33266  1.0000 -1.0000  0.0000 
O12   0.75060  0.25057  0.83266  1.0000 -1.0000  0.0000 
O6    0.75060  0.75057  0.33266 -1.0000 -1.0000  0.0000 
O8    0.75060  0.75057  0.83266 -1.0000 -1.0000  0.0000 
O5    0.25060  0.25057  0.33266  1.0000  1.0000  0.0000 
O7    0.25060  0.25057  0.83266  1.0000  1.0000  0.0000 
O20   0.75060  0.75057  0.66812  1.0000  1.0000  0.0000 
O18   0.75060  0.75057  0.16812  1.0000  1.0000  0.0000 
O19   0.25060  0.25057  0.66812 -1.0000 -1.0000  0.0000 
O17   0.25060  0.25057  0.16812 -1.0000 -1.0000  0.0000 

P4/mmm[1/2,1/2,0]M5-(a,b)[Na1:c:dsp]Eu(a) normfactor =  0.13061
Na4   0.00060  0.50057  0.50039  1.0000  0.0000  0.0000 
Na2   0.00060  0.50057  0.00039  1.0000  0.0000  0.0000 
Na3   0.50060  0.00057  0.50039 -1.0000  0.0000  0.0000 
Na1   0.50060  0.00057  0.00039 -1.0000  0.0000  0.0000 

P4/mmm[1/2,1/2,0]M5-(a,b)[Na1:c:dsp]Eu(b) normfactor =  0.13061
Na4   0.00060  0.50057  0.50039  0.0000  1.0000  0.0000 
Na2   0.00060  0.50057  0.00039  0.0000  1.0000  0.0000 
Na3   0.50060  0.00057  0.50039  0.0000 -1.0000  0.0000 
Na1   0.50060  0.00057  0.00039  0.0000 -1.0000  0.0000 

P4/mmm[1/2,1/2,0]M5-(a,b)[Nd1:d:dsp]Eu(a) normfactor =  0.13061
Nd4   0.00060  0.50057  0.75039  1.0000  0.0000  0.0000 
Nd2   0.00060  0.50057  0.25039  1.0000  0.0000  0.0000 
Nd3   0.50060  0.00057  0.75039 -1.0000  0.0000  0.0000 
Nd1   0.50060  0.00057  0.25039 -1.0000  0.0000  0.0000 

P4/mmm[1/2,1/2,0]M5-(a,b)[Nd1:d:dsp]Eu(b) normfactor =  0.13061
Nd4   0.00060  0.50057  0.75039  0.0000  1.0000  0.0000 
Nd2   0.00060  0.50057  0.25039  0.0000  1.0000  0.0000 
Nd3   0.50060  0.00057  0.75039  0.0000 -1.0000  0.0000 
Nd1   0.50060  0.00057  0.25039  0.0000 -1.0000  0.0000 

P4/mmm[1/2,1/2,0]M5-(a,b)[Nb1:g:dsp]E(a) normfactor =  0.09236
Nb3   0.00060  0.00057  0.64716  1.0000  0.0000  0.0000 
Nb1   0.00060  0.00057  0.14716  1.0000  0.0000  0.0000 
Nb4   0.50060  0.50057  0.64716 -1.0000  0.0000  0.0000 
Nb2   0.50060  0.50057  0.14716 -1.0000  0.0000  0.0000 
Nb5   0.00060  0.00057  0.35362  1.0000  0.0000  0.0000 
Nb7   0.00060  0.00057  0.85362  1.0000  0.0000  0.0000 
Nb6   0.50060  0.50057  0.35362 -1.0000  0.0000  0.0000 
Nb8   0.50060  0.50057  0.85362 -1.0000  0.0000  0.0000 

P4/mmm[1/2,1/2,0]M5-(a,b)[Nb1:g:dsp]E(b) normfactor =  0.09236
Nb3   0.00060  0.00057  0.64716  0.0000 -1.0000  0.0000 
Nb1   0.00060  0.00057  0.14716  0.0000 -1.0000  0.0000 
Nb4   0.50060  0.50057  0.64716  0.0000  1.0000  0.0000 
Nb2   0.50060  0.50057  0.14716  0.0000  1.0000  0.0000 
Nb5   0.00060  0.00057  0.35362  0.0000 -1.0000  0.0000 
Nb7   0.00060  0.00057  0.85362  0.0000 -1.0000  0.0000 
Nb6   0.50060  0.50057  0.35362  0.0000  1.0000  0.0000 
Nb8   0.50060  0.50057  0.85362  0.0000  1.0000  0.0000 

P4/mmm[1/2,1/2,0]M5-(a,b)[O1:b:dsp]Eu(a) normfactor =  0.13061
O3    0.00060  0.00057  0.75039  1.0000  0.0000  0.0000 
O1    0.00060  0.00057  0.25039  1.0000  0.0000  0.0000 
O4    0.50060  0.50057  0.75039 -1.0000  0.0000  0.0000 
O2    0.50060  0.50057  0.25039 -1.0000  0.0000  0.0000 

P4/mmm[1/2,1/2,0]M5-(a,b)[O1:b:dsp]Eu(b) normfactor =  0.13061
O3    0.00060  0.00057  0.75039  0.0000 -1.0000  0.0000 
O1    0.00060  0.00057  0.25039  0.0000 -1.0000  0.0000 
O4    0.50060  0.50057  0.75039  0.0000  1.0000  0.0000 
O2    0.50060  0.50057  0.25039  0.0000  1.0000  0.0000 

P4/mmm[1/2,1/2,0]M5-(a,b)[O2:i:dsp]A1(a) normfactor =  0.02284
O16   0.75060  0.25057  0.66812  0.0000  0.0000  1.0000 
O14   0.75060  0.25057  0.16812  0.0000  0.0000  1.0000 
O15   0.25060  0.75057  0.66812  0.0000  0.0000 -1.0000 
O13   0.25060  0.75057  0.16812  0.0000  0.0000 -1.0000 
O9    0.25060  0.75057  0.33266  0.0000  0.0000  1.0000 
O11   0.25060  0.75057  0.83266  0.0000  0.0000  1.0000 
O10   0.75060  0.25057  0.33266  0.0000  0.0000 -1.0000 
O12   0.75060  0.25057  0.83266  0.0000  0.0000 -1.0000 
O6    0.75060  0.75057  0.33266  0.0000  0.0000 -1.0000 
O8    0.75060  0.75057  0.83266  0.0000  0.0000 -1.0000 
O5    0.25060  0.25057  0.33266  0.0000  0.0000  1.0000 
O7    0.25060  0.25057  0.83266  0.0000  0.0000  1.0000 
O20   0.75060  0.75057  0.66812  0.0000  0.0000  1.0000 
O18   0.75060  0.75057  0.16812  0.0000  0.0000  1.0000 
O19   0.25060  0.25057  0.66812  0.0000  0.0000 -1.0000 
O17   0.25060  0.25057  0.16812  0.0000  0.0000 -1.0000 

P4/mmm[1/2,1/2,0]M5-(a,b)[O2:i:dsp]A1(b) normfactor =  0.02284
O16   0.75060  0.25057  0.66812  0.0000  0.0000  1.0000 
O14   0.75060  0.25057  0.16812  0.0000  0.0000  1.0000 
O15   0.25060  0.75057  0.66812  0.0000  0.0000 -1.0000 
O13   0.25060  0.75057  0.16812  0.0000  0.0000 -1.0000 
O9    0.25060  0.75057  0.33266  0.0000  0.0000  1.0000 
O11   0.25060  0.75057  0.83266  0.0000  0.0000  1.0000 
O10   0.75060  0.25057  0.33266  0.0000  0.0000 -1.0000 
O12   0.75060  0.25057  0.83266  0.0000  0.0000 -1.0000 
O6    0.75060  0.75057  0.33266  0.0000  0.0000  1.0000 
O8    0.75060  0.75057  0.83266  0.0000  0.0000  1.0000 
O5    0.25060  0.25057  0.33266  0.0000  0.0000 -1.0000 
O7    0.25060  0.25057  0.83266  0.0000  0.0000 -1.0000 
O20   0.75060  0.75057  0.66812  0.0000  0.0000 -1.0000 
O18   0.75060  0.75057  0.16812  0.0000  0.0000 -1.0000 
O19   0.25060  0.25057  0.66812  0.0000  0.0000  1.0000 
O17   0.25060  0.25057  0.16812  0.0000  0.0000  1.0000 

P4/mmm[1/2,1/2,0]M5-(a,b)[O3:g:dsp]E(a) normfactor =  0.09236
O23   0.00060  0.00057  0.56538  1.0000  0.0000  0.0000 
O21   0.00060  0.00057  0.06538  1.0000  0.0000  0.0000 
O24   0.50060  0.50057  0.56538 -1.0000  0.0000  0.0000 
O22   0.50060  0.50057  0.06538 -1.0000  0.0000  0.0000 
O25   0.00060  0.00057  0.43540  1.0000  0.0000  0.0000 
O27   0.00060  0.00057  0.93540  1.0000  0.0000  0.0000 
O26   0.50060  0.50057  0.43540 -1.0000  0.0000  0.0000 
O28   0.50060  0.50057  0.93540 -1.0000  0.0000  0.0000 

P4/mmm[1/2,1/2,0]M5-(a,b)[O3:g:dsp]E(b) normfactor =  0.09236
O23   0.00060  0.00057  0.56538  0.0000 -1.0000  0.0000 
O21   0.00060  0.00057  0.06538  0.0000 -1.0000  0.0000 
O24   0.50060  0.50057  0.56538  0.0000  1.0000  0.0000 
O22   0.50060  0.50057  0.06538  0.0000  1.0000  0.0000 
O25   0.00060  0.00057  0.43540  0.0000 -1.0000  0.0000 
O27   0.00060  0.00057  0.93540  0.0000 -1.0000  0.0000 
O26   0.50060  0.50057  0.43540  0.0000  1.0000  0.0000 
O28   0.50060  0.50057  0.93540  0.0000  1.0000  0.0000 

P4/mmm[1/2,1/2,1/2]A1+(a)[Nb1:g:dsp]A1(a) normfactor =  0.03231
Nb3   0.00060  0.00057  0.64716  0.0000  0.0000  1.0000 
Nb1   0.00060  0.00057  0.14716  0.0000  0.0000 -1.0000 
Nb4   0.50060  0.50057  0.64716  0.0000  0.0000 -1.0000 
Nb2   0.50060  0.50057  0.14716  0.0000  0.0000  1.0000 
Nb5   0.00060  0.00057  0.35362  0.0000  0.0000 -1.0000 
Nb7   0.00060  0.00057  0.85362  0.0000  0.0000  1.0000 
Nb6   0.50060  0.50057  0.35362  0.0000  0.0000  1.0000 
Nb8   0.50060  0.50057  0.85362  0.0000  0.0000 -1.0000 

P4/mmm[1/2,1/2,1/2]A1+(a)[O1:b:dsp]A2u(a) normfactor =  0.04569
O3    0.00060  0.00057  0.75039  0.0000  0.0000  1.0000 
O1    0.00060  0.00057  0.25039  0.0000  0.0000 -1.0000 
O4    0.50060  0.50057  0.75039  0.0000  0.0000 -1.0000 
O2    0.50060  0.50057  0.25039  0.0000  0.0000  1.0000 

P4/mmm[1/2,1/2,1/2]A1+(a)[O2:i:dsp]B2(a) normfactor =  0.04618
O16   0.75060  0.25057  0.66812 -1.0000  1.0000  0.0000 
O14   0.75060  0.25057  0.16812  1.0000 -1.0000  0.0000 
O15   0.25060  0.75057  0.66812  1.0000 -1.0000  0.0000 
O13   0.25060  0.75057  0.16812 -1.0000  1.0000  0.0000 
O9    0.25060  0.75057  0.33266  1.0000 -1.0000  0.0000 
O11   0.25060  0.75057  0.83266 -1.0000  1.0000  0.0000 
O10   0.75060  0.25057  0.33266 -1.0000  1.0000  0.0000 
O12   0.75060  0.25057  0.83266  1.0000 -1.0000  0.0000 
O6    0.75060  0.75057  0.33266 -1.0000 -1.0000  0.0000 
O8    0.75060  0.75057  0.83266  1.0000  1.0000  0.0000 
O5    0.25060  0.25057  0.33266  1.0000  1.0000  0.0000 
O7    0.25060  0.25057  0.83266 -1.0000 -1.0000  0.0000 
O20   0.75060  0.75057  0.66812 -1.0000 -1.0000  0.0000 
O18   0.75060  0.75057  0.16812  1.0000  1.0000  0.0000 
O19   0.25060  0.25057  0.66812  1.0000  1.0000  0.0000 
O17   0.25060  0.25057  0.16812 -1.0000 -1.0000  0.0000 

P4/mmm[1/2,1/2,1/2]A1+(a)[O3:g:dsp]A1(a) normfactor =  0.03231
O23   0.00060  0.00057  0.56538  0.0000  0.0000  1.0000 
O21   0.00060  0.00057  0.06538  0.0000  0.0000 -1.0000 
O24   0.50060  0.50057  0.56538  0.0000  0.0000 -1.0000 
O22   0.50060  0.50057  0.06538  0.0000  0.0000  1.0000 
O25   0.00060  0.00057  0.43540  0.0000  0.0000 -1.0000 
O27   0.00060  0.00057  0.93540  0.0000  0.0000  1.0000 
O26   0.50060  0.50057  0.43540  0.0000  0.0000  1.0000 
O28   0.50060  0.50057  0.93540  0.0000  0.0000 -1.0000 

P4/mmm[1/2,1/2,1/2]A2+(a)[O2:i:dsp]B2(a) normfactor =  0.04618
O16   0.75060  0.25057  0.66812 -1.0000  1.0000  0.0000 
O14   0.75060  0.25057  0.16812  1.0000 -1.0000  0.0000 
O15   0.25060  0.75057  0.66812  1.0000 -1.0000  0.0000 
O13   0.25060  0.75057  0.16812 -1.0000  1.0000  0.0000 
O9    0.25060  0.75057  0.33266  1.0000 -1.0000  0.0000 
O11   0.25060  0.75057  0.83266 -1.0000  1.0000  0.0000 
O10   0.75060  0.25057  0.33266 -1.0000  1.0000  0.0000 
O12   0.75060  0.25057  0.83266  1.0000 -1.0000  0.0000 
O6    0.75060  0.75057  0.33266  1.0000  1.0000  0.0000 
O8    0.75060  0.75057  0.83266 -1.0000 -1.0000  0.0000 
O5    0.25060  0.25057  0.33266 -1.0000 -1.0000  0.0000 
O7    0.25060  0.25057  0.83266  1.0000  1.0000  0.0000 
O20   0.75060  0.75057  0.66812  1.0000  1.0000  0.0000 
O18   0.75060  0.75057  0.16812 -1.0000 -1.0000  0.0000 
O19   0.25060  0.25057  0.66812 -1.0000 -1.0000  0.0000 
O17   0.25060  0.25057  0.16812  1.0000  1.0000  0.0000 

P4/mmm[1/2,1/2,1/2]A3+(a)[O2:i:dsp]B1(a) normfactor =  0.04618
O16   0.75060  0.25057  0.66812  1.0000  1.0000  0.0000 
O14   0.75060  0.25057  0.16812 -1.0000 -1.0000  0.0000 
O15   0.25060  0.75057  0.66812 -1.0000 -1.0000  0.0000 
O13   0.25060  0.75057  0.16812  1.0000  1.0000  0.0000 
O9    0.25060  0.75057  0.33266 -1.0000 -1.0000  0.0000 
O11   0.25060  0.75057  0.83266  1.0000  1.0000  0.0000 
O10   0.75060  0.25057  0.33266  1.0000  1.0000  0.0000 
O12   0.75060  0.25057  0.83266 -1.0000 -1.0000  0.0000 
O6    0.75060  0.75057  0.33266 -1.0000  1.0000  0.0000 
O8    0.75060  0.75057  0.83266  1.0000 -1.0000  0.0000 
O5    0.25060  0.25057  0.33266  1.0000 -1.0000  0.0000 
O7    0.25060  0.25057  0.83266 -1.0000  1.0000  0.0000 
O20   0.75060  0.75057  0.66812 -1.0000  1.0000  0.0000 
O18   0.75060  0.75057  0.16812  1.0000 -1.0000  0.0000 
O19   0.25060  0.25057  0.66812  1.0000 -1.0000  0.0000 
O17   0.25060  0.25057  0.16812 -1.0000  1.0000  0.0000 

P4/mmm[1/2,1/2,1/2]A4+(a)[Nd1:d:dsp]A2u(a) normfactor =  0.04569
Nd4   0.00060  0.50057  0.75039  0.0000  0.0000  1.0000 
Nd2   0.00060  0.50057  0.25039  0.0000  0.0000 -1.0000 
Nd3   0.50060  0.00057  0.75039  0.0000  0.0000 -1.0000 
Nd1   0.50060  0.00057  0.25039  0.0000  0.0000  1.0000 

P4/mmm[1/2,1/2,1/2]A4+(a)[O2:i:dsp]B1(a) normfactor =  0.04618
O16   0.75060  0.25057  0.66812  1.0000  1.0000  0.0000 
O14   0.75060  0.25057  0.16812 -1.0000 -1.0000  0.0000 
O15   0.25060  0.75057  0.66812 -1.0000 -1.0000  0.0000 
O13   0.25060  0.75057  0.16812  1.0000  1.0000  0.0000 
O9    0.25060  0.75057  0.33266 -1.0000 -1.0000  0.0000 
O11   0.25060  0.75057  0.83266  1.0000  1.0000  0.0000 
O10   0.75060  0.25057  0.33266  1.0000  1.0000  0.0000 
O12   0.75060  0.25057  0.83266 -1.0000 -1.0000  0.0000 
O6    0.75060  0.75057  0.33266  1.0000 -1.0000  0.0000 
O8    0.75060  0.75057  0.83266 -1.0000  1.0000  0.0000 
O5    0.25060  0.25057  0.33266 -1.0000  1.0000  0.0000 
O7    0.25060  0.25057  0.83266  1.0000 -1.0000  0.0000 
O20   0.75060  0.75057  0.66812  1.0000 -1.0000  0.0000 
O18   0.75060  0.75057  0.16812 -1.0000  1.0000  0.0000 
O19   0.25060  0.25057  0.66812 -1.0000  1.0000  0.0000 
O17   0.25060  0.25057  0.16812  1.0000 -1.0000  0.0000 

P4/mmm[1/2,1/2,1/2]A5+(a,b)[Nd1:d:dsp]Eu(a) normfactor =  0.13061
Nd4   0.00060  0.50057  0.75039  1.0000  0.0000  0.0000 
Nd2   0.00060  0.50057  0.25039 -1.0000  0.0000  0.0000 
Nd3   0.50060  0.00057  0.75039 -1.0000  0.0000  0.0000 
Nd1   0.50060  0.00057  0.25039  1.0000  0.0000  0.0000 

P4/mmm[1/2,1/2,1/2]A5+(a,b)[Nd1:d:dsp]Eu(b) normfactor =  0.13061
Nd4   0.00060  0.50057  0.75039  0.0000 -1.0000  0.0000 
Nd2   0.00060  0.50057  0.25039  0.0000  1.0000  0.0000 
Nd3   0.50060  0.00057  0.75039  0.0000  1.0000  0.0000 
Nd1   0.50060  0.00057  0.25039  0.0000 -1.0000  0.0000 

P4/mmm[1/2,1/2,1/2]A5+(a,b)[Nb1:g:dsp]E(a) normfactor =  0.09236
Nb3   0.00060  0.00057  0.64716  1.0000  0.0000  0.0000 
Nb1   0.00060  0.00057  0.14716 -1.0000  0.0000  0.0000 
Nb4   0.50060  0.50057  0.64716 -1.0000  0.0000  0.0000 
Nb2   0.50060  0.50057  0.14716  1.0000  0.0000  0.0000 
Nb5   0.00060  0.00057  0.35362 -1.0000  0.0000  0.0000 
Nb7   0.00060  0.00057  0.85362  1.0000  0.0000  0.0000 
Nb6   0.50060  0.50057  0.35362  1.0000  0.0000  0.0000 
Nb8   0.50060  0.50057  0.85362 -1.0000  0.0000  0.0000 

P4/mmm[1/2,1/2,1/2]A5+(a,b)[Nb1:g:dsp]E(b) normfactor =  0.09236
Nb3   0.00060  0.00057  0.64716  0.0000  1.0000  0.0000 
Nb1   0.00060  0.00057  0.14716  0.0000 -1.0000  0.0000 
Nb4   0.50060  0.50057  0.64716  0.0000 -1.0000  0.0000 
Nb2   0.50060  0.50057  0.14716  0.0000  1.0000  0.0000 
Nb5   0.00060  0.00057  0.35362  0.0000 -1.0000  0.0000 
Nb7   0.00060  0.00057  0.85362  0.0000  1.0000  0.0000 
Nb6   0.50060  0.50057  0.35362  0.0000  1.0000  0.0000 
Nb8   0.50060  0.50057  0.85362  0.0000 -1.0000  0.0000 

P4/mmm[1/2,1/2,1/2]A5+(a,b)[O1:b:dsp]Eu(a) normfactor =  0.13061
O3    0.00060  0.00057  0.75039  1.0000  0.0000  0.0000 
O1    0.00060  0.00057  0.25039 -1.0000  0.0000  0.0000 
O4    0.50060  0.50057  0.75039 -1.0000  0.0000  0.0000 
O2    0.50060  0.50057  0.25039  1.0000  0.0000  0.0000 

P4/mmm[1/2,1/2,1/2]A5+(a,b)[O1:b:dsp]Eu(b) normfactor =  0.13061
O3    0.00060  0.00057  0.75039  0.0000  1.0000  0.0000 
O1    0.00060  0.00057  0.25039  0.0000 -1.0000  0.0000 
O4    0.50060  0.50057  0.75039  0.0000 -1.0000  0.0000 
O2    0.50060  0.50057  0.25039  0.0000  1.0000  0.0000 

P4/mmm[1/2,1/2,1/2]A5+(a,b)[O2:i:dsp]A1(a) normfactor =  0.02284
O16   0.75060  0.25057  0.66812  0.0000  0.0000  1.0000 
O14   0.75060  0.25057  0.16812  0.0000  0.0000 -1.0000 
O15   0.25060  0.75057  0.66812  0.0000  0.0000 -1.0000 
O13   0.25060  0.75057  0.16812  0.0000  0.0000  1.0000 
O9    0.25060  0.75057  0.33266  0.0000  0.0000 -1.0000 
O11   0.25060  0.75057  0.83266  0.0000  0.0000  1.0000 
O10   0.75060  0.25057  0.33266  0.0000  0.0000  1.0000 
O12   0.75060  0.25057  0.83266  0.0000  0.0000 -1.0000 
O6    0.75060  0.75057  0.33266  0.0000  0.0000  1.0000 
O8    0.75060  0.75057  0.83266  0.0000  0.0000 -1.0000 
O5    0.25060  0.25057  0.33266  0.0000  0.0000 -1.0000 
O7    0.25060  0.25057  0.83266  0.0000  0.0000  1.0000 
O20   0.75060  0.75057  0.66812  0.0000  0.0000  1.0000 
O18   0.75060  0.75057  0.16812  0.0000  0.0000 -1.0000 
O19   0.25060  0.25057  0.66812  0.0000  0.0000 -1.0000 
O17   0.25060  0.25057  0.16812  0.0000  0.0000  1.0000 

P4/mmm[1/2,1/2,1/2]A5+(a,b)[O2:i:dsp]A1(b) normfactor =  0.02284
O16   0.75060  0.25057  0.66812  0.0000  0.0000 -1.0000 
O14   0.75060  0.25057  0.16812  0.0000  0.0000  1.0000 
O15   0.25060  0.75057  0.66812  0.0000  0.0000  1.0000 
O13   0.25060  0.75057  0.16812  0.0000  0.0000 -1.0000 
O9    0.25060  0.75057  0.33266  0.0000  0.0000  1.0000 
O11   0.25060  0.75057  0.83266  0.0000  0.0000 -1.0000 
O10   0.75060  0.25057  0.33266  0.0000  0.0000 -1.0000 
O12   0.75060  0.25057  0.83266  0.0000  0.0000  1.0000 
O6    0.75060  0.75057  0.33266  0.0000  0.0000  1.0000 
O8    0.75060  0.75057  0.83266  0.0000  0.0000 -1.0000 
O5    0.25060  0.25057  0.33266  0.0000  0.0000 -1.0000 
O7    0.25060  0.25057  0.83266  0.0000  0.0000  1.0000 
O20   0.75060  0.75057  0.66812  0.0000  0.0000  1.0000 
O18   0.75060  0.75057  0.16812  0.0000  0.0000 -1.0000 
O19   0.25060  0.25057  0.66812  0.0000  0.0000 -1.0000 
O17   0.25060  0.25057  0.16812  0.0000  0.0000  1.0000 

P4/mmm[1/2,1/2,1/2]A5+(a,b)[O3:g:dsp]E(a) normfactor =  0.09236
O23   0.00060  0.00057  0.56538  1.0000  0.0000  0.0000 
O21   0.00060  0.00057  0.06538 -1.0000  0.0000  0.0000 
O24   0.50060  0.50057  0.56538 -1.0000  0.0000  0.0000 
O22   0.50060  0.50057  0.06538  1.0000  0.0000  0.0000 
O25   0.00060  0.00057  0.43540 -1.0000  0.0000  0.0000 
O27   0.00060  0.00057  0.93540  1.0000  0.0000  0.0000 
O26   0.50060  0.50057  0.43540  1.0000  0.0000  0.0000 
O28   0.50060  0.50057  0.93540 -1.0000  0.0000  0.0000 

P4/mmm[1/2,1/2,1/2]A5+(a,b)[O3:g:dsp]E(b) normfactor =  0.09236
O23   0.00060  0.00057  0.56538  0.0000  1.0000  0.0000 
O21   0.00060  0.00057  0.06538  0.0000 -1.0000  0.0000 
O24   0.50060  0.50057  0.56538  0.0000 -1.0000  0.0000 
O22   0.50060  0.50057  0.06538  0.0000  1.0000  0.0000 
O25   0.00060  0.00057  0.43540  0.0000 -1.0000  0.0000 
O27   0.00060  0.00057  0.93540  0.0000  1.0000  0.0000 
O26   0.50060  0.50057  0.43540  0.0000  1.0000  0.0000 
O28   0.50060  0.50057  0.93540  0.0000 -1.0000  0.0000 

P4/mmm[1/2,1/2,1/2]A1-(a)[O2:i:dsp]B1(a) normfactor =  0.04618
O16   0.75060  0.25057  0.66812  1.0000  1.0000  0.0000 
O14   0.75060  0.25057  0.16812 -1.0000 -1.0000  0.0000 
O15   0.25060  0.75057  0.66812 -1.0000 -1.0000  0.0000 
O13   0.25060  0.75057  0.16812  1.0000  1.0000  0.0000 
O9    0.25060  0.75057  0.33266  1.0000  1.0000  0.0000 
O11   0.25060  0.75057  0.83266 -1.0000 -1.0000  0.0000 
O10   0.75060  0.25057  0.33266 -1.0000 -1.0000  0.0000 
O12   0.75060  0.25057  0.83266  1.0000  1.0000  0.0000 
O6    0.75060  0.75057  0.33266  1.0000 -1.0000  0.0000 
O8    0.75060  0.75057  0.83266 -1.0000  1.0000  0.0000 
O5    0.25060  0.25057  0.33266 -1.0000  1.0000  0.0000 
O7    0.25060  0.25057  0.83266  1.0000 -1.0000  0.0000 
O20   0.75060  0.75057  0.66812 -1.0000  1.0000  0.0000 
O18   0.75060  0.75057  0.16812  1.0000 -1.0000  0.0000 
O19   0.25060  0.25057  0.66812  1.0000 -1.0000  0.0000 
O17   0.25060  0.25057  0.16812 -1.0000  1.0000  0.0000 

P4/mmm[1/2,1/2,1/2]A2-(a)[Na1:c:dsp]A2u(a) normfactor =  0.04569
Na4   0.00060  0.50057  0.50039  0.0000  0.0000  1.0000 
Na2   0.00060  0.50057  0.00039  0.0000  0.0000 -1.0000 
Na3   0.50060  0.00057  0.50039  0.0000  0.0000 -1.0000 
Na1   0.50060  0.00057  0.00039  0.0000  0.0000  1.0000 

P4/mmm[1/2,1/2,1/2]A2-(a)[O2:i:dsp]B1(a) normfactor =  0.04618
O16   0.75060  0.25057  0.66812  1.0000  1.0000  0.0000 
O14   0.75060  0.25057  0.16812 -1.0000 -1.0000  0.0000 
O15   0.25060  0.75057  0.66812 -1.0000 -1.0000  0.0000 
O13   0.25060  0.75057  0.16812  1.0000  1.0000  0.0000 
O9    0.25060  0.75057  0.33266  1.0000  1.0000  0.0000 
O11   0.25060  0.75057  0.83266 -1.0000 -1.0000  0.0000 
O10   0.75060  0.25057  0.33266 -1.0000 -1.0000  0.0000 
O12   0.75060  0.25057  0.83266  1.0000  1.0000  0.0000 
O6    0.75060  0.75057  0.33266 -1.0000  1.0000  0.0000 
O8    0.75060  0.75057  0.83266  1.0000 -1.0000  0.0000 
O5    0.25060  0.25057  0.33266  1.0000 -1.0000  0.0000 
O7    0.25060  0.25057  0.83266 -1.0000  1.0000  0.0000 
O20   0.75060  0.75057  0.66812  1.0000 -1.0000  0.0000 
O18   0.75060  0.75057  0.16812 -1.0000  1.0000  0.0000 
O19   0.25060  0.25057  0.66812 -1.0000  1.0000  0.0000 
O17   0.25060  0.25057  0.16812  1.0000 -1.0000  0.0000 

P4/mmm[1/2,1/2,1/2]A3-(a)[Nb1:g:dsp]A1(a) normfactor =  0.03231
Nb3   0.00060  0.00057  0.64716  0.0000  0.0000  1.0000 
Nb1   0.00060  0.00057  0.14716  0.0000  0.0000 -1.0000 
Nb4   0.50060  0.50057  0.64716  0.0000  0.0000 -1.0000 
Nb2   0.50060  0.50057  0.14716  0.0000  0.0000  1.0000 
Nb5   0.00060  0.00057  0.35362  0.0000  0.0000  1.0000 
Nb7   0.00060  0.00057  0.85362  0.0000  0.0000 -1.0000 
Nb6   0.50060  0.50057  0.35362  0.0000  0.0000 -1.0000 
Nb8   0.50060  0.50057  0.85362  0.0000  0.0000  1.0000 

P4/mmm[1/2,1/2,1/2]A3-(a)[O2:i:dsp]B2(a) normfactor =  0.04618
O16   0.75060  0.25057  0.66812 -1.0000  1.0000  0.0000 
O14   0.75060  0.25057  0.16812  1.0000 -1.0000  0.0000 
O15   0.25060  0.75057  0.66812  1.0000 -1.0000  0.0000 
O13   0.25060  0.75057  0.16812 -1.0000  1.0000  0.0000 
O9    0.25060  0.75057  0.33266 -1.0000  1.0000  0.0000 
O11   0.25060  0.75057  0.83266  1.0000 -1.0000  0.0000 
O10   0.75060  0.25057  0.33266  1.0000 -1.0000  0.0000 
O12   0.75060  0.25057  0.83266 -1.0000  1.0000  0.0000 
O6    0.75060  0.75057  0.33266  1.0000  1.0000  0.0000 
O8    0.75060  0.75057  0.83266 -1.0000 -1.0000  0.0000 
O5    0.25060  0.25057  0.33266 -1.0000 -1.0000  0.0000 
O7    0.25060  0.25057  0.83266  1.0000  1.0000  0.0000 
O20   0.75060  0.75057  0.66812 -1.0000 -1.0000  0.0000 
O18   0.75060  0.75057  0.16812  1.0000  1.0000  0.0000 
O19   0.25060  0.25057  0.66812  1.0000  1.0000  0.0000 
O17   0.25060  0.25057  0.16812 -1.0000 -1.0000  0.0000 

P4/mmm[1/2,1/2,1/2]A3-(a)[O3:g:dsp]A1(a) normfactor =  0.03231
O23   0.00060  0.00057  0.56538  0.0000  0.0000  1.0000 
O21   0.00060  0.00057  0.06538  0.0000  0.0000 -1.0000 
O24   0.50060  0.50057  0.56538  0.0000  0.0000 -1.0000 
O22   0.50060  0.50057  0.06538  0.0000  0.0000  1.0000 
O25   0.00060  0.00057  0.43540  0.0000  0.0000  1.0000 
O27   0.00060  0.00057  0.93540  0.0000  0.0000 -1.0000 
O26   0.50060  0.50057  0.43540  0.0000  0.0000 -1.0000 
O28   0.50060  0.50057  0.93540  0.0000  0.0000  1.0000 

P4/mmm[1/2,1/2,1/2]A4-(a)[O2:i:dsp]B2(a) normfactor =  0.04618
O16   0.75060  0.25057  0.66812 -1.0000  1.0000  0.0000 
O14   0.75060  0.25057  0.16812  1.0000 -1.0000  0.0000 
O15   0.25060  0.75057  0.66812  1.0000 -1.0000  0.0000 
O13   0.25060  0.75057  0.16812 -1.0000  1.0000  0.0000 
O9    0.25060  0.75057  0.33266 -1.0000  1.0000  0.0000 
O11   0.25060  0.75057  0.83266  1.0000 -1.0000  0.0000 
O10   0.75060  0.25057  0.33266  1.0000 -1.0000  0.0000 
O12   0.75060  0.25057  0.83266 -1.0000  1.0000  0.0000 
O6    0.75060  0.75057  0.33266 -1.0000 -1.0000  0.0000 
O8    0.75060  0.75057  0.83266  1.0000  1.0000  0.0000 
O5    0.25060  0.25057  0.33266  1.0000  1.0000  0.0000 
O7    0.25060  0.25057  0.83266 -1.0000 -1.0000  0.0000 
O20   0.75060  0.75057  0.66812  1.0000  1.0000  0.0000 
O18   0.75060  0.75057  0.16812 -1.0000 -1.0000  0.0000 
O19   0.25060  0.25057  0.66812 -1.0000 -1.0000  0.0000 
O17   0.25060  0.25057  0.16812  1.0000  1.0000  0.0000 

P4/mmm[1/2,1/2,1/2]A5-(a,b)[Na1:c:dsp]Eu(a) normfactor =  0.13061
Na4   0.00060  0.50057  0.50039  1.0000  0.0000  0.0000 
Na2   0.00060  0.50057  0.00039 -1.0000  0.0000  0.0000 
Na3   0.50060  0.00057  0.50039 -1.0000  0.0000  0.0000 
Na1   0.50060  0.00057  0.00039  1.0000  0.0000  0.0000 

P4/mmm[1/2,1/2,1/2]A5-(a,b)[Na1:c:dsp]Eu(b) normfactor =  0.13061
Na4   0.00060  0.50057  0.50039  0.0000  1.0000  0.0000 
Na2   0.00060  0.50057  0.00039  0.0000 -1.0000  0.0000 
Na3   0.50060  0.00057  0.50039  0.0000 -1.0000  0.0000 
Na1   0.50060  0.00057  0.00039  0.0000  1.0000  0.0000 

P4/mmm[1/2,1/2,1/2]A5-(a,b)[Nb1:g:dsp]E(a) normfactor =  0.09236
Nb3   0.00060  0.00057  0.64716  1.0000  0.0000  0.0000 
Nb1   0.00060  0.00057  0.14716 -1.0000  0.0000  0.0000 
Nb4   0.50060  0.50057  0.64716 -1.0000  0.0000  0.0000 
Nb2   0.50060  0.50057  0.14716  1.0000  0.0000  0.0000 
Nb5   0.00060  0.00057  0.35362  1.0000  0.0000  0.0000 
Nb7   0.00060  0.00057  0.85362 -1.0000  0.0000  0.0000 
Nb6   0.50060  0.50057  0.35362 -1.0000  0.0000  0.0000 
Nb8   0.50060  0.50057  0.85362  1.0000  0.0000  0.0000 

P4/mmm[1/2,1/2,1/2]A5-(a,b)[Nb1:g:dsp]E(b) normfactor =  0.09236
Nb3   0.00060  0.00057  0.64716  0.0000 -1.0000  0.0000 
Nb1   0.00060  0.00057  0.14716  0.0000  1.0000  0.0000 
Nb4   0.50060  0.50057  0.64716  0.0000  1.0000  0.0000 
Nb2   0.50060  0.50057  0.14716  0.0000 -1.0000  0.0000 
Nb5   0.00060  0.00057  0.35362  0.0000 -1.0000  0.0000 
Nb7   0.00060  0.00057  0.85362  0.0000  1.0000  0.0000 
Nb6   0.50060  0.50057  0.35362  0.0000  1.0000  0.0000 
Nb8   0.50060  0.50057  0.85362  0.0000 -1.0000  0.0000 

P4/mmm[1/2,1/2,1/2]A5-(a,b)[O2:i:dsp]A1(a) normfactor =  0.02284
O16   0.75060  0.25057  0.66812  0.0000  0.0000  1.0000 
O14   0.75060  0.25057  0.16812  0.0000  0.0000 -1.0000 
O15   0.25060  0.75057  0.66812  0.0000  0.0000 -1.0000 
O13   0.25060  0.75057  0.16812  0.0000  0.0000  1.0000 
O9    0.25060  0.75057  0.33266  0.0000  0.0000  1.0000 
O11   0.25060  0.75057  0.83266  0.0000  0.0000 -1.0000 
O10   0.75060  0.25057  0.33266  0.0000  0.0000 -1.0000 
O12   0.75060  0.25057  0.83266  0.0000  0.0000  1.0000 
O6    0.75060  0.75057  0.33266  0.0000  0.0000 -1.0000 
O8    0.75060  0.75057  0.83266  0.0000  0.0000  1.0000 
O5    0.25060  0.25057  0.33266  0.0000  0.0000  1.0000 
O7    0.25060  0.25057  0.83266  0.0000  0.0000 -1.0000 
O20   0.75060  0.75057  0.66812  0.0000  0.0000  1.0000 
O18   0.75060  0.75057  0.16812  0.0000  0.0000 -1.0000 
O19   0.25060  0.25057  0.66812  0.0000  0.0000 -1.0000 
O17   0.25060  0.25057  0.16812  0.0000  0.0000  1.0000 

P4/mmm[1/2,1/2,1/2]A5-(a,b)[O2:i:dsp]A1(b) normfactor =  0.02284
O16   0.75060  0.25057  0.66812  0.0000  0.0000  1.0000 
O14   0.75060  0.25057  0.16812  0.0000  0.0000 -1.0000 
O15   0.25060  0.75057  0.66812  0.0000  0.0000 -1.0000 
O13   0.25060  0.75057  0.16812  0.0000  0.0000  1.0000 
O9    0.25060  0.75057  0.33266  0.0000  0.0000  1.0000 
O11   0.25060  0.75057  0.83266  0.0000  0.0000 -1.0000 
O10   0.75060  0.25057  0.33266  0.0000  0.0000 -1.0000 
O12   0.75060  0.25057  0.83266  0.0000  0.0000  1.0000 
O6    0.75060  0.75057  0.33266  0.0000  0.0000  1.0000 
O8    0.75060  0.75057  0.83266  0.0000  0.0000 -1.0000 
O5    0.25060  0.25057  0.33266  0.0000  0.0000 -1.0000 
O7    0.25060  0.25057  0.83266  0.0000  0.0000  1.0000 
O20   0.75060  0.75057  0.66812  0.0000  0.0000 -1.0000 
O18   0.75060  0.75057  0.16812  0.0000  0.0000  1.0000 
O19   0.25060  0.25057  0.66812  0.0000  0.0000  1.0000 
O17   0.25060  0.25057  0.16812  0.0000  0.0000 -1.0000 

P4/mmm[1/2,1/2,1/2]A5-(a,b)[O3:g:dsp]E(a) normfactor =  0.09236
O23   0.00060  0.00057  0.56538  1.0000  0.0000  0.0000 
O21   0.00060  0.00057  0.06538 -1.0000  0.0000  0.0000 
O24   0.50060  0.50057  0.56538 -1.0000  0.0000  0.0000 
O22   0.50060  0.50057  0.06538  1.0000  0.0000  0.0000 
O25   0.00060  0.00057  0.43540  1.0000  0.0000  0.0000 
O27   0.00060  0.00057  0.93540 -1.0000  0.0000  0.0000 
O26   0.50060  0.50057  0.43540 -1.0000  0.0000  0.0000 
O28   0.50060  0.50057  0.93540  1.0000  0.0000  0.0000 

P4/mmm[1/2,1/2,1/2]A5-(a,b)[O3:g:dsp]E(b) normfactor =  0.09236
O23   0.00060  0.00057  0.56538  0.0000 -1.0000  0.0000 
O21   0.00060  0.00057  0.06538  0.0000  1.0000  0.0000 
O24   0.50060  0.50057  0.56538  0.0000  1.0000  0.0000 
O22   0.50060  0.50057  0.06538  0.0000 -1.0000  0.0000 
O25   0.00060  0.00057  0.43540  0.0000 -1.0000  0.0000 
O27   0.00060  0.00057  0.93540  0.0000  1.0000  0.0000 
O26   0.50060  0.50057  0.43540  0.0000  1.0000  0.0000 
O28   0.50060  0.50057  0.93540  0.0000 -1.0000  0.0000 

P4/mmm[0,0,1/2]Z1+(a)[Nd1:d:dsp]A2u(a) normfactor =  0.04569
Nd4   0.00060  0.50057  0.75039  0.0000  0.0000  1.0000 
Nd2   0.00060  0.50057  0.25039  0.0000  0.0000 -1.0000 
Nd3   0.50060  0.00057  0.75039  0.0000  0.0000  1.0000 
Nd1   0.50060  0.00057  0.25039  0.0000  0.0000 -1.0000 

P4/mmm[0,0,1/2]Z1+(a)[Nb1:g:dsp]A1(a) normfactor =  0.03231
Nb3   0.00060  0.00057  0.64716  0.0000  0.0000  1.0000 
Nb1   0.00060  0.00057  0.14716  0.0000  0.0000 -1.0000 
Nb4   0.50060  0.50057  0.64716  0.0000  0.0000  1.0000 
Nb2   0.50060  0.50057  0.14716  0.0000  0.0000 -1.0000 
Nb5   0.00060  0.00057  0.35362  0.0000  0.0000 -1.0000 
Nb7   0.00060  0.00057  0.85362  0.0000  0.0000  1.0000 
Nb6   0.50060  0.50057  0.35362  0.0000  0.0000 -1.0000 
Nb8   0.50060  0.50057  0.85362  0.0000  0.0000  1.0000 

P4/mmm[0,0,1/2]Z1+(a)[O1:b:dsp]A2u(a) normfactor =  0.04569
O3    0.00060  0.00057  0.75039  0.0000  0.0000  1.0000 
O1    0.00060  0.00057  0.25039  0.0000  0.0000 -1.0000 
O4    0.50060  0.50057  0.75039  0.0000  0.0000  1.0000 
O2    0.50060  0.50057  0.25039  0.0000  0.0000 -1.0000 

P4/mmm[0,0,1/2]Z1+(a)[O2:i:dsp]A1(a) normfactor =  0.02284
O16   0.75060  0.25057  0.66812  0.0000  0.0000  1.0000 
O14   0.75060  0.25057  0.16812  0.0000  0.0000 -1.0000 
O15   0.25060  0.75057  0.66812  0.0000  0.0000  1.0000 
O13   0.25060  0.75057  0.16812  0.0000  0.0000 -1.0000 
O9    0.25060  0.75057  0.33266  0.0000  0.0000 -1.0000 
O11   0.25060  0.75057  0.83266  0.0000  0.0000  1.0000 
O10   0.75060  0.25057  0.33266  0.0000  0.0000 -1.0000 
O12   0.75060  0.25057  0.83266  0.0000  0.0000  1.0000 
O6    0.75060  0.75057  0.33266  0.0000  0.0000 -1.0000 
O8    0.75060  0.75057  0.83266  0.0000  0.0000  1.0000 
O5    0.25060  0.25057  0.33266  0.0000  0.0000 -1.0000 
O7    0.25060  0.25057  0.83266  0.0000  0.0000  1.0000 
O20   0.75060  0.75057  0.66812  0.0000  0.0000  1.0000 
O18   0.75060  0.75057  0.16812  0.0000  0.0000 -1.0000 
O19   0.25060  0.25057  0.66812  0.0000  0.0000  1.0000 
O17   0.25060  0.25057  0.16812  0.0000  0.0000 -1.0000 

P4/mmm[0,0,1/2]Z1+(a)[O3:g:dsp]A1(a) normfactor =  0.03231
O23   0.00060  0.00057  0.56538  0.0000  0.0000  1.0000 
O21   0.00060  0.00057  0.06538  0.0000  0.0000 -1.0000 
O24   0.50060  0.50057  0.56538  0.0000  0.0000  1.0000 
O22   0.50060  0.50057  0.06538  0.0000  0.0000 -1.0000 
O25   0.00060  0.00057  0.43540  0.0000  0.0000 -1.0000 
O27   0.00060  0.00057  0.93540  0.0000  0.0000  1.0000 
O26   0.50060  0.50057  0.43540  0.0000  0.0000 -1.0000 
O28   0.50060  0.50057  0.93540  0.0000  0.0000  1.0000 

P4/mmm[0,0,1/2]Z2+(a)[O2:i:dsp]A1(a) normfactor =  0.02284
O16   0.75060  0.25057  0.66812  0.0000  0.0000  1.0000 
O14   0.75060  0.25057  0.16812  0.0000  0.0000 -1.0000 
O15   0.25060  0.75057  0.66812  0.0000  0.0000  1.0000 
O13   0.25060  0.75057  0.16812  0.0000  0.0000 -1.0000 
O9    0.25060  0.75057  0.33266  0.0000  0.0000 -1.0000 
O11   0.25060  0.75057  0.83266  0.0000  0.0000  1.0000 
O10   0.75060  0.25057  0.33266  0.0000  0.0000 -1.0000 
O12   0.75060  0.25057  0.83266  0.0000  0.0000  1.0000 
O6    0.75060  0.75057  0.33266  0.0000  0.0000  1.0000 
O8    0.75060  0.75057  0.83266  0.0000  0.0000 -1.0000 
O5    0.25060  0.25057  0.33266  0.0000  0.0000  1.0000 
O7    0.25060  0.25057  0.83266  0.0000  0.0000 -1.0000 
O20   0.75060  0.75057  0.66812  0.0000  0.0000 -1.0000 
O18   0.75060  0.75057  0.16812  0.0000  0.0000  1.0000 
O19   0.25060  0.25057  0.66812  0.0000  0.0000 -1.0000 
O17   0.25060  0.25057  0.16812  0.0000  0.0000  1.0000 

P4/mmm[0,0,1/2]Z5+(a,b)[Nd1:d:dsp]Eu(a) normfactor =  0.13061
Nd4   0.00060  0.50057  0.75039  1.0000  0.0000  0.0000 
Nd2   0.00060  0.50057  0.25039 -1.0000  0.0000  0.0000 
Nd3   0.50060  0.00057  0.75039  1.0000  0.0000  0.0000 
Nd1   0.50060  0.00057  0.25039 -1.0000  0.0000  0.0000 

P4/mmm[0,0,1/2]Z5+(a,b)[Nd1:d:dsp]Eu(b) normfactor =  0.13061
Nd4   0.00060  0.50057  0.75039  0.0000  1.0000  0.0000 
Nd2   0.00060  0.50057  0.25039  0.0000 -1.0000  0.0000 
Nd3   0.50060  0.00057  0.75039  0.0000  1.0000  0.0000 
Nd1   0.50060  0.00057  0.25039  0.0000 -1.0000  0.0000 

P4/mmm[0,0,1/2]Z5+(a,b)[Nb1:g:dsp]E(a) normfactor =  0.09236
Nb3   0.00060  0.00057  0.64716  1.0000  0.0000  0.0000 
Nb1   0.00060  0.00057  0.14716 -1.0000  0.0000  0.0000 
Nb4   0.50060  0.50057  0.64716  1.0000  0.0000  0.0000 
Nb2   0.50060  0.50057  0.14716 -1.0000  0.0000  0.0000 
Nb5   0.00060  0.00057  0.35362 -1.0000  0.0000  0.0000 
Nb7   0.00060  0.00057  0.85362  1.0000  0.0000  0.0000 
Nb6   0.50060  0.50057  0.35362 -1.0000  0.0000  0.0000 
Nb8   0.50060  0.50057  0.85362  1.0000  0.0000  0.0000 

P4/mmm[0,0,1/2]Z5+(a,b)[Nb1:g:dsp]E(b) normfactor =  0.09236
Nb3   0.00060  0.00057  0.64716  0.0000  1.0000  0.0000 
Nb1   0.00060  0.00057  0.14716  0.0000 -1.0000  0.0000 
Nb4   0.50060  0.50057  0.64716  0.0000  1.0000  0.0000 
Nb2   0.50060  0.50057  0.14716  0.0000 -1.0000  0.0000 
Nb5   0.00060  0.00057  0.35362  0.0000 -1.0000  0.0000 
Nb7   0.00060  0.00057  0.85362  0.0000  1.0000  0.0000 
Nb6   0.50060  0.50057  0.35362  0.0000 -1.0000  0.0000 
Nb8   0.50060  0.50057  0.85362  0.0000  1.0000  0.0000 

P4/mmm[0,0,1/2]Z5+(a,b)[O1:b:dsp]Eu(a) normfactor =  0.13061
O3    0.00060  0.00057  0.75039  1.0000  0.0000  0.0000 
O1    0.00060  0.00057  0.25039 -1.0000  0.0000  0.0000 
O4    0.50060  0.50057  0.75039  1.0000  0.0000  0.0000 
O2    0.50060  0.50057  0.25039 -1.0000  0.0000  0.0000 

P4/mmm[0,0,1/2]Z5+(a,b)[O1:b:dsp]Eu(b) normfactor =  0.13061
O3    0.00060  0.00057  0.75039  0.0000  1.0000  0.0000 
O1    0.00060  0.00057  0.25039  0.0000 -1.0000  0.0000 
O4    0.50060  0.50057  0.75039  0.0000  1.0000  0.0000 
O2    0.50060  0.50057  0.25039  0.0000 -1.0000  0.0000 

P4/mmm[0,0,1/2]Z5+(a,b)[O2:i:dsp]B2(a) normfactor =  0.04618
O16   0.75060  0.25057  0.66812 -1.0000  1.0000  0.0000 
O14   0.75060  0.25057  0.16812  1.0000 -1.0000  0.0000 
O15   0.25060  0.75057  0.66812 -1.0000  1.0000  0.0000 
O13   0.25060  0.75057  0.16812  1.0000 -1.0000  0.0000 
O9    0.25060  0.75057  0.33266  1.0000 -1.0000  0.0000 
O11   0.25060  0.75057  0.83266 -1.0000  1.0000  0.0000 
O10   0.75060  0.25057  0.33266  1.0000 -1.0000  0.0000 
O12   0.75060  0.25057  0.83266 -1.0000  1.0000  0.0000 
O6    0.75060  0.75057  0.33266  1.0000  1.0000  0.0000 
O8    0.75060  0.75057  0.83266 -1.0000 -1.0000  0.0000 
O5    0.25060  0.25057  0.33266  1.0000  1.0000  0.0000 
O7    0.25060  0.25057  0.83266 -1.0000 -1.0000  0.0000 
O20   0.75060  0.75057  0.66812 -1.0000 -1.0000  0.0000 
O18   0.75060  0.75057  0.16812  1.0000  1.0000  0.0000 
O19   0.25060  0.25057  0.66812 -1.0000 -1.0000  0.0000 
O17   0.25060  0.25057  0.16812  1.0000  1.0000  0.0000 

P4/mmm[0,0,1/2]Z5+(a,b)[O2:i:dsp]B2(b) normfactor =  0.04618
O16   0.75060  0.25057  0.66812  1.0000 -1.0000  0.0000 
O14   0.75060  0.25057  0.16812 -1.0000  1.0000  0.0000 
O15   0.25060  0.75057  0.66812  1.0000 -1.0000  0.0000 
O13   0.25060  0.75057  0.16812 -1.0000  1.0000  0.0000 
O9    0.25060  0.75057  0.33266 -1.0000  1.0000  0.0000 
O11   0.25060  0.75057  0.83266  1.0000 -1.0000  0.0000 
O10   0.75060  0.25057  0.33266 -1.0000  1.0000  0.0000 
O12   0.75060  0.25057  0.83266  1.0000 -1.0000  0.0000 
O6    0.75060  0.75057  0.33266  1.0000  1.0000  0.0000 
O8    0.75060  0.75057  0.83266 -1.0000 -1.0000  0.0000 
O5    0.25060  0.25057  0.33266  1.0000  1.0000  0.0000 
O7    0.25060  0.25057  0.83266 -1.0000 -1.0000  0.0000 
O20   0.75060  0.75057  0.66812 -1.0000 -1.0000  0.0000 
O18   0.75060  0.75057  0.16812  1.0000  1.0000  0.0000 
O19   0.25060  0.25057  0.66812 -1.0000 -1.0000  0.0000 
O17   0.25060  0.25057  0.16812  1.0000  1.0000  0.0000 

P4/mmm[0,0,1/2]Z5+(a,b)[O2:i:dsp]B1(a) normfactor =  0.04618
O16   0.75060  0.25057  0.66812  1.0000  1.0000  0.0000 
O14   0.75060  0.25057  0.16812 -1.0000 -1.0000  0.0000 
O15   0.25060  0.75057  0.66812  1.0000  1.0000  0.0000 
O13   0.25060  0.75057  0.16812 -1.0000 -1.0000  0.0000 
O9    0.25060  0.75057  0.33266 -1.0000 -1.0000  0.0000 
O11   0.25060  0.75057  0.83266  1.0000  1.0000  0.0000 
O10   0.75060  0.25057  0.33266 -1.0000 -1.0000  0.0000 
O12   0.75060  0.25057  0.83266  1.0000  1.0000  0.0000 
O6    0.75060  0.75057  0.33266 -1.0000  1.0000  0.0000 
O8    0.75060  0.75057  0.83266  1.0000 -1.0000  0.0000 
O5    0.25060  0.25057  0.33266 -1.0000  1.0000  0.0000 
O7    0.25060  0.25057  0.83266  1.0000 -1.0000  0.0000 
O20   0.75060  0.75057  0.66812  1.0000 -1.0000  0.0000 
O18   0.75060  0.75057  0.16812 -1.0000  1.0000  0.0000 
O19   0.25060  0.25057  0.66812  1.0000 -1.0000  0.0000 
O17   0.25060  0.25057  0.16812 -1.0000  1.0000  0.0000 

P4/mmm[0,0,1/2]Z5+(a,b)[O2:i:dsp]B1(b) normfactor =  0.04618
O16   0.75060  0.25057  0.66812  1.0000  1.0000  0.0000 
O14   0.75060  0.25057  0.16812 -1.0000 -1.0000  0.0000 
O15   0.25060  0.75057  0.66812  1.0000  1.0000  0.0000 
O13   0.25060  0.75057  0.16812 -1.0000 -1.0000  0.0000 
O9    0.25060  0.75057  0.33266 -1.0000 -1.0000  0.0000 
O11   0.25060  0.75057  0.83266  1.0000  1.0000  0.0000 
O10   0.75060  0.25057  0.33266 -1.0000 -1.0000  0.0000 
O12   0.75060  0.25057  0.83266  1.0000  1.0000  0.0000 
O6    0.75060  0.75057  0.33266  1.0000 -1.0000  0.0000 
O8    0.75060  0.75057  0.83266 -1.0000  1.0000  0.0000 
O5    0.25060  0.25057  0.33266  1.0000 -1.0000  0.0000 
O7    0.25060  0.25057  0.83266 -1.0000  1.0000  0.0000 
O20   0.75060  0.75057  0.66812 -1.0000  1.0000  0.0000 
O18   0.75060  0.75057  0.16812  1.0000 -1.0000  0.0000 
O19   0.25060  0.25057  0.66812 -1.0000  1.0000  0.0000 
O17   0.25060  0.25057  0.16812  1.0000 -1.0000  0.0000 

P4/mmm[0,0,1/2]Z5+(a,b)[O3:g:dsp]E(a) normfactor =  0.09236
O23   0.00060  0.00057  0.56538  1.0000  0.0000  0.0000 
O21   0.00060  0.00057  0.06538 -1.0000  0.0000  0.0000 
O24   0.50060  0.50057  0.56538  1.0000  0.0000  0.0000 
O22   0.50060  0.50057  0.06538 -1.0000  0.0000  0.0000 
O25   0.00060  0.00057  0.43540 -1.0000  0.0000  0.0000 
O27   0.00060  0.00057  0.93540  1.0000  0.0000  0.0000 
O26   0.50060  0.50057  0.43540 -1.0000  0.0000  0.0000 
O28   0.50060  0.50057  0.93540  1.0000  0.0000  0.0000 

P4/mmm[0,0,1/2]Z5+(a,b)[O3:g:dsp]E(b) normfactor =  0.09236
O23   0.00060  0.00057  0.56538  0.0000  1.0000  0.0000 
O21   0.00060  0.00057  0.06538  0.0000 -1.0000  0.0000 
O24   0.50060  0.50057  0.56538  0.0000  1.0000  0.0000 
O22   0.50060  0.50057  0.06538  0.0000 -1.0000  0.0000 
O25   0.00060  0.00057  0.43540  0.0000 -1.0000  0.0000 
O27   0.00060  0.00057  0.93540  0.0000  1.0000  0.0000 
O26   0.50060  0.50057  0.43540  0.0000 -1.0000  0.0000 
O28   0.50060  0.50057  0.93540  0.0000  1.0000  0.0000 

P4/mmm[0,0,1/2]Z3-(a)[Na1:c:dsp]A2u(a) normfactor =  0.04569
Na4   0.00060  0.50057  0.50039  0.0000  0.0000  1.0000 
Na2   0.00060  0.50057  0.00039  0.0000  0.0000 -1.0000 
Na3   0.50060  0.00057  0.50039  0.0000  0.0000  1.0000 
Na1   0.50060  0.00057  0.00039  0.0000  0.0000 -1.0000 

P4/mmm[0,0,1/2]Z3-(a)[Nb1:g:dsp]A1(a) normfactor =  0.03231
Nb3   0.00060  0.00057  0.64716  0.0000  0.0000  1.0000 
Nb1   0.00060  0.00057  0.14716  0.0000  0.0000 -1.0000 
Nb4   0.50060  0.50057  0.64716  0.0000  0.0000  1.0000 
Nb2   0.50060  0.50057  0.14716  0.0000  0.0000 -1.0000 
Nb5   0.00060  0.00057  0.35362  0.0000  0.0000  1.0000 
Nb7   0.00060  0.00057  0.85362  0.0000  0.0000 -1.0000 
Nb6   0.50060  0.50057  0.35362  0.0000  0.0000  1.0000 
Nb8   0.50060  0.50057  0.85362  0.0000  0.0000 -1.0000 

P4/mmm[0,0,1/2]Z3-(a)[O2:i:dsp]A1(a) normfactor =  0.02284
O16   0.75060  0.25057  0.66812  0.0000  0.0000  1.0000 
O14   0.75060  0.25057  0.16812  0.0000  0.0000 -1.0000 
O15   0.25060  0.75057  0.66812  0.0000  0.0000  1.0000 
O13   0.25060  0.75057  0.16812  0.0000  0.0000 -1.0000 
O9    0.25060  0.75057  0.33266  0.0000  0.0000  1.0000 
O11   0.25060  0.75057  0.83266  0.0000  0.0000 -1.0000 
O10   0.75060  0.25057  0.33266  0.0000  0.0000  1.0000 
O12   0.75060  0.25057  0.83266  0.0000  0.0000 -1.0000 
O6    0.75060  0.75057  0.33266  0.0000  0.0000  1.0000 
O8    0.75060  0.75057  0.83266  0.0000  0.0000 -1.0000 
O5    0.25060  0.25057  0.33266  0.0000  0.0000  1.0000 
O7    0.25060  0.25057  0.83266  0.0000  0.0000 -1.0000 
O20   0.75060  0.75057  0.66812  0.0000  0.0000  1.0000 
O18   0.75060  0.75057  0.16812  0.0000  0.0000 -1.0000 
O19   0.25060  0.25057  0.66812  0.0000  0.0000  1.0000 
O17   0.25060  0.25057  0.16812  0.0000  0.0000 -1.0000 

P4/mmm[0,0,1/2]Z3-(a)[O3:g:dsp]A1(a) normfactor =  0.03231
O23   0.00060  0.00057  0.56538  0.0000  0.0000  1.0000 
O21   0.00060  0.00057  0.06538  0.0000  0.0000 -1.0000 
O24   0.50060  0.50057  0.56538  0.0000  0.0000  1.0000 
O22   0.50060  0.50057  0.06538  0.0000  0.0000 -1.0000 
O25   0.00060  0.00057  0.43540  0.0000  0.0000  1.0000 
O27   0.00060  0.00057  0.93540  0.0000  0.0000 -1.0000 
O26   0.50060  0.50057  0.43540  0.0000  0.0000  1.0000 
O28   0.50060  0.50057  0.93540  0.0000  0.0000 -1.0000 

P4/mmm[0,0,1/2]Z4-(a)[O2:i:dsp]A1(a) normfactor =  0.02284
O16   0.75060  0.25057  0.66812  0.0000  0.0000  1.0000 
O14   0.75060  0.25057  0.16812  0.0000  0.0000 -1.0000 
O15   0.25060  0.75057  0.66812  0.0000  0.0000  1.0000 
O13   0.25060  0.75057  0.16812  0.0000  0.0000 -1.0000 
O9    0.25060  0.75057  0.33266  0.0000  0.0000  1.0000 
O11   0.25060  0.75057  0.83266  0.0000  0.0000 -1.0000 
O10   0.75060  0.25057  0.33266  0.0000  0.0000  1.0000 
O12   0.75060  0.25057  0.83266  0.0000  0.0000 -1.0000 
O6    0.75060  0.75057  0.33266  0.0000  0.0000 -1.0000 
O8    0.75060  0.75057  0.83266  0.0000  0.0000  1.0000 
O5    0.25060  0.25057  0.33266  0.0000  0.0000 -1.0000 
O7    0.25060  0.25057  0.83266  0.0000  0.0000  1.0000 
O20   0.75060  0.75057  0.66812  0.0000  0.0000 -1.0000 
O18   0.75060  0.75057  0.16812  0.0000  0.0000  1.0000 
O19   0.25060  0.25057  0.66812  0.0000  0.0000 -1.0000 
O17   0.25060  0.25057  0.16812  0.0000  0.0000  1.0000 

P4/mmm[0,0,1/2]Z5-(a,b)[Na1:c:dsp]Eu(a) normfactor =  0.13061
Na4   0.00060  0.50057  0.50039  1.0000  0.0000  0.0000 
Na2   0.00060  0.50057  0.00039 -1.0000  0.0000  0.0000 
Na3   0.50060  0.00057  0.50039  1.0000  0.0000  0.0000 
Na1   0.50060  0.00057  0.00039 -1.0000  0.0000  0.0000 

P4/mmm[0,0,1/2]Z5-(a,b)[Na1:c:dsp]Eu(b) normfactor =  0.13061
Na4   0.00060  0.50057  0.50039  0.0000 -1.0000  0.0000 
Na2   0.00060  0.50057  0.00039  0.0000  1.0000  0.0000 
Na3   0.50060  0.00057  0.50039  0.0000 -1.0000  0.0000 
Na1   0.50060  0.00057  0.00039  0.0000  1.0000  0.0000 

P4/mmm[0,0,1/2]Z5-(a,b)[Nb1:g:dsp]E(a) normfactor =  0.09236
Nb3   0.00060  0.00057  0.64716  1.0000  0.0000  0.0000 
Nb1   0.00060  0.00057  0.14716 -1.0000  0.0000  0.0000 
Nb4   0.50060  0.50057  0.64716  1.0000  0.0000  0.0000 
Nb2   0.50060  0.50057  0.14716 -1.0000  0.0000  0.0000 
Nb5   0.00060  0.00057  0.35362  1.0000  0.0000  0.0000 
Nb7   0.00060  0.00057  0.85362 -1.0000  0.0000  0.0000 
Nb6   0.50060  0.50057  0.35362  1.0000  0.0000  0.0000 
Nb8   0.50060  0.50057  0.85362 -1.0000  0.0000  0.0000 

P4/mmm[0,0,1/2]Z5-(a,b)[Nb1:g:dsp]E(b) normfactor =  0.09236
Nb3   0.00060  0.00057  0.64716  0.0000 -1.0000  0.0000 
Nb1   0.00060  0.00057  0.14716  0.0000  1.0000  0.0000 
Nb4   0.50060  0.50057  0.64716  0.0000 -1.0000  0.0000 
Nb2   0.50060  0.50057  0.14716  0.0000  1.0000  0.0000 
Nb5   0.00060  0.00057  0.35362  0.0000 -1.0000  0.0000 
Nb7   0.00060  0.00057  0.85362  0.0000  1.0000  0.0000 
Nb6   0.50060  0.50057  0.35362  0.0000 -1.0000  0.0000 
Nb8   0.50060  0.50057  0.85362  0.0000  1.0000  0.0000 

P4/mmm[0,0,1/2]Z5-(a,b)[O2:i:dsp]B2(a) normfactor =  0.04618
O16   0.75060  0.25057  0.66812 -1.0000  1.0000  0.0000 
O14   0.75060  0.25057  0.16812  1.0000 -1.0000  0.0000 
O15   0.25060  0.75057  0.66812 -1.0000  1.0000  0.0000 
O13   0.25060  0.75057  0.16812  1.0000 -1.0000  0.0000 
O9    0.25060  0.75057  0.33266 -1.0000  1.0000  0.0000 
O11   0.25060  0.75057  0.83266  1.0000 -1.0000  0.0000 
O10   0.75060  0.25057  0.33266 -1.0000  1.0000  0.0000 
O12   0.75060  0.25057  0.83266  1.0000 -1.0000  0.0000 
O6    0.75060  0.75057  0.33266 -1.0000 -1.0000  0.0000 
O8    0.75060  0.75057  0.83266  1.0000  1.0000  0.0000 
O5    0.25060  0.25057  0.33266 -1.0000 -1.0000  0.0000 
O7    0.25060  0.25057  0.83266  1.0000  1.0000  0.0000 
O20   0.75060  0.75057  0.66812 -1.0000 -1.0000  0.0000 
O18   0.75060  0.75057  0.16812  1.0000  1.0000  0.0000 
O19   0.25060  0.25057  0.66812 -1.0000 -1.0000  0.0000 
O17   0.25060  0.25057  0.16812  1.0000  1.0000  0.0000 

P4/mmm[0,0,1/2]Z5-(a,b)[O2:i:dsp]B2(b) normfactor =  0.04618
O16   0.75060  0.25057  0.66812 -1.0000  1.0000  0.0000 
O14   0.75060  0.25057  0.16812  1.0000 -1.0000  0.0000 
O15   0.25060  0.75057  0.66812 -1.0000  1.0000  0.0000 
O13   0.25060  0.75057  0.16812  1.0000 -1.0000  0.0000 
O9    0.25060  0.75057  0.33266 -1.0000  1.0000  0.0000 
O11   0.25060  0.75057  0.83266  1.0000 -1.0000  0.0000 
O10   0.75060  0.25057  0.33266 -1.0000  1.0000  0.0000 
O12   0.75060  0.25057  0.83266  1.0000 -1.0000  0.0000 
O6    0.75060  0.75057  0.33266  1.0000  1.0000  0.0000 
O8    0.75060  0.75057  0.83266 -1.0000 -1.0000  0.0000 
O5    0.25060  0.25057  0.33266  1.0000  1.0000  0.0000 
O7    0.25060  0.25057  0.83266 -1.0000 -1.0000  0.0000 
O20   0.75060  0.75057  0.66812  1.0000  1.0000  0.0000 
O18   0.75060  0.75057  0.16812 -1.0000 -1.0000  0.0000 
O19   0.25060  0.25057  0.66812  1.0000  1.0000  0.0000 
O17   0.25060  0.25057  0.16812 -1.0000 -1.0000  0.0000 

P4/mmm[0,0,1/2]Z5-(a,b)[O2:i:dsp]B1(a) normfactor =  0.04618
O16   0.75060  0.25057  0.66812  1.0000  1.0000  0.0000 
O14   0.75060  0.25057  0.16812 -1.0000 -1.0000  0.0000 
O15   0.25060  0.75057  0.66812  1.0000  1.0000  0.0000 
O13   0.25060  0.75057  0.16812 -1.0000 -1.0000  0.0000 
O9    0.25060  0.75057  0.33266  1.0000  1.0000  0.0000 
O11   0.25060  0.75057  0.83266 -1.0000 -1.0000  0.0000 
O10   0.75060  0.25057  0.33266  1.0000  1.0000  0.0000 
O12   0.75060  0.25057  0.83266 -1.0000 -1.0000  0.0000 
O6    0.75060  0.75057  0.33266  1.0000 -1.0000  0.0000 
O8    0.75060  0.75057  0.83266 -1.0000  1.0000  0.0000 
O5    0.25060  0.25057  0.33266  1.0000 -1.0000  0.0000 
O7    0.25060  0.25057  0.83266 -1.0000  1.0000  0.0000 
O20   0.75060  0.75057  0.66812  1.0000 -1.0000  0.0000 
O18   0.75060  0.75057  0.16812 -1.0000  1.0000  0.0000 
O19   0.25060  0.25057  0.66812  1.0000 -1.0000  0.0000 
O17   0.25060  0.25057  0.16812 -1.0000  1.0000  0.0000 

P4/mmm[0,0,1/2]Z5-(a,b)[O2:i:dsp]B1(b) normfactor =  0.04618
O16   0.75060  0.25057  0.66812 -1.0000 -1.0000  0.0000 
O14   0.75060  0.25057  0.16812  1.0000  1.0000  0.0000 
O15   0.25060  0.75057  0.66812 -1.0000 -1.0000  0.0000 
O13   0.25060  0.75057  0.16812  1.0000  1.0000  0.0000 
O9    0.25060  0.75057  0.33266 -1.0000 -1.0000  0.0000 
O11   0.25060  0.75057  0.83266  1.0000  1.0000  0.0000 
O10   0.75060  0.25057  0.33266 -1.0000 -1.0000  0.0000 
O12   0.75060  0.25057  0.83266  1.0000  1.0000  0.0000 
O6    0.75060  0.75057  0.33266  1.0000 -1.0000  0.0000 
O8    0.75060  0.75057  0.83266 -1.0000  1.0000  0.0000 
O5    0.25060  0.25057  0.33266  1.0000 -1.0000  0.0000 
O7    0.25060  0.25057  0.83266 -1.0000  1.0000  0.0000 
O20   0.75060  0.75057  0.66812  1.0000 -1.0000  0.0000 
O18   0.75060  0.75057  0.16812 -1.0000  1.0000  0.0000 
O19   0.25060  0.25057  0.66812  1.0000 -1.0000  0.0000 
O17   0.25060  0.25057  0.16812 -1.0000  1.0000  0.0000 

P4/mmm[0,0,1/2]Z5-(a,b)[O3:g:dsp]E(a) normfactor =  0.09236
O23   0.00060  0.00057  0.56538  1.0000  0.0000  0.0000 
O21   0.00060  0.00057  0.06538 -1.0000  0.0000  0.0000 
O24   0.50060  0.50057  0.56538  1.0000  0.0000  0.0000 
O22   0.50060  0.50057  0.06538 -1.0000  0.0000  0.0000 
O25   0.00060  0.00057  0.43540  1.0000  0.0000  0.0000 
O27   0.00060  0.00057  0.93540 -1.0000  0.0000  0.0000 
O26   0.50060  0.50057  0.43540  1.0000  0.0000  0.0000 
O28   0.50060  0.50057  0.93540 -1.0000  0.0000  0.0000 

P4/mmm[0,0,1/2]Z5-(a,b)[O3:g:dsp]E(b) normfactor =  0.09236
O23   0.00060  0.00057  0.56538  0.0000 -1.0000  0.0000 
O21   0.00060  0.00057  0.06538  0.0000  1.0000  0.0000 
O24   0.50060  0.50057  0.56538  0.0000 -1.0000  0.0000 
O22   0.50060  0.50057  0.06538  0.0000  1.0000  0.0000 
O25   0.00060  0.00057  0.43540  0.0000 -1.0000  0.0000 
O27   0.00060  0.00057  0.93540  0.0000  1.0000  0.0000 
O26   0.50060  0.50057  0.43540  0.0000 -1.0000  0.0000 
O28   0.50060  0.50057  0.93540  0.0000  1.0000  0.0000 