P4/mmm[0,0,0]GM1+(a)[Nb1:g:dsp]A1(a) normfactor =  0.01615
Nb6   0.00046  0.50038  0.35396  0.0000  0.0000  1.0000 
Nb8   0.00046  0.50038  0.85396  0.0000  0.0000  1.0000 
Nb5   0.00046  0.00038  0.35396  0.0000  0.0000  1.0000 
Nb7   0.00046  0.00038  0.85396  0.0000  0.0000  1.0000 
Nb4   0.00046  0.50038  0.64750  0.0000  0.0000 -1.0000 
Nb2   0.00046  0.50038  0.14750  0.0000  0.0000 -1.0000 
Nb3   0.00046  0.00038  0.64750  0.0000  0.0000 -1.0000 
Nb1   0.00046  0.00038  0.14750  0.0000  0.0000 -1.0000 

P4/mmm[0,0,0]GM1+(a)[O2:i:dsp]A1(a) normfactor =  0.01142
O16   0.00046  0.75038  0.66846  0.0000  0.0000  1.0000 
O14   0.00046  0.75038  0.16846  0.0000  0.0000  1.0000 
O15   0.00046  0.25039  0.66846  0.0000  0.0000  1.0000 
O13   0.00046  0.25039  0.16846  0.0000  0.0000  1.0000 
O9    0.00046  0.25039  0.33300  0.0000  0.0000 -1.0000 
O11   0.00046  0.25039  0.83300  0.0000  0.0000 -1.0000 
O10   0.00046  0.75038  0.33300  0.0000  0.0000 -1.0000 
O12   0.00046  0.75038  0.83300  0.0000  0.0000 -1.0000 
O6    0.50045  0.50038  0.33300  0.0000  0.0000 -1.0000 
O8    0.50045  0.50038  0.83300  0.0000  0.0000 -1.0000 
O5    0.50045  0.00038  0.33300  0.0000  0.0000 -1.0000 
O7    0.50045  0.00038  0.83300  0.0000  0.0000 -1.0000 
O20   0.50045  0.50038  0.66846  0.0000  0.0000  1.0000 
O18   0.50045  0.50038  0.16846  0.0000  0.0000  1.0000 
O19   0.50045  0.00038  0.66846  0.0000  0.0000  1.0000 
O17   0.50045  0.00038  0.16846  0.0000  0.0000  1.0000 

P4/mmm[0,0,0]GM1+(a)[O3:g:dsp]A1(a) normfactor =  0.01615
O26   0.00046  0.50038  0.43574  0.0000  0.0000  1.0000 
O28   0.00046  0.50038  0.93574  0.0000  0.0000  1.0000 
O25   0.00046  0.00038  0.43574  0.0000  0.0000  1.0000 
O27   0.00046  0.00038  0.93574  0.0000  0.0000  1.0000 
O24   0.00046  0.50038  0.56572  0.0000  0.0000 -1.0000 
O22   0.00046  0.50038  0.06572  0.0000  0.0000 -1.0000 
O23   0.00046  0.00038  0.56572  0.0000  0.0000 -1.0000 
O21   0.00046  0.00038  0.06572  0.0000  0.0000 -1.0000 

P4/mmm[0,0,0]GM2+(a)[O2:i:dsp]A1(a) normfactor =  0.01142
O16   0.00046  0.75038  0.66846  0.0000  0.0000  1.0000 
O14   0.00046  0.75038  0.16846  0.0000  0.0000  1.0000 
O15   0.00046  0.25039  0.66846  0.0000  0.0000  1.0000 
O13   0.00046  0.25039  0.16846  0.0000  0.0000  1.0000 
O9    0.00046  0.25039  0.33300  0.0000  0.0000 -1.0000 
O11   0.00046  0.25039  0.83300  0.0000  0.0000 -1.0000 
O10   0.00046  0.75038  0.33300  0.0000  0.0000 -1.0000 
O12   0.00046  0.75038  0.83300  0.0000  0.0000 -1.0000 
O6    0.50045  0.50038  0.33300  0.0000  0.0000  1.0000 
O8    0.50045  0.50038  0.83300  0.0000  0.0000  1.0000 
O5    0.50045  0.00038  0.33300  0.0000  0.0000  1.0000 
O7    0.50045  0.00038  0.83300  0.0000  0.0000  1.0000 
O20   0.50045  0.50038  0.66846  0.0000  0.0000 -1.0000 
O18   0.50045  0.50038  0.16846  0.0000  0.0000 -1.0000 
O19   0.50045  0.00038  0.66846  0.0000  0.0000 -1.0000 
O17   0.50045  0.00038  0.16846  0.0000  0.0000 -1.0000 

P4/mmm[0,0,0]GM5+(a,b)[Nb1:g:dsp]E(a) normfactor =  0.04618
Nb6   0.00046  0.50038  0.35396  0.0000 -1.0000  0.0000 
Nb8   0.00046  0.50038  0.85396  0.0000 -1.0000  0.0000 
Nb5   0.00046  0.00038  0.35396  0.0000 -1.0000  0.0000 
Nb7   0.00046  0.00038  0.85396  0.0000 -1.0000  0.0000 
Nb4   0.00046  0.50038  0.64750  0.0000  1.0000  0.0000 
Nb2   0.00046  0.50038  0.14750  0.0000  1.0000  0.0000 
Nb3   0.00046  0.00038  0.64750  0.0000  1.0000  0.0000 
Nb1   0.00046  0.00038  0.14750  0.0000  1.0000  0.0000 

P4/mmm[0,0,0]GM5+(a,b)[Nb1:g:dsp]E(b) normfactor =  0.09236
Nb6   0.00046  0.50038  0.35396  1.0000  0.0000  0.0000 
Nb8   0.00046  0.50038  0.85396  1.0000  0.0000  0.0000 
Nb5   0.00046  0.00038  0.35396  1.0000  0.0000  0.0000 
Nb7   0.00046  0.00038  0.85396  1.0000  0.0000  0.0000 
Nb4   0.00046  0.50038  0.64750 -1.0000  0.0000  0.0000 
Nb2   0.00046  0.50038  0.14750 -1.0000  0.0000  0.0000 
Nb3   0.00046  0.00038  0.64750 -1.0000  0.0000  0.0000 
Nb1   0.00046  0.00038  0.14750 -1.0000  0.0000  0.0000 

P4/mmm[0,0,0]GM5+(a,b)[O2:i:dsp]B2(a) normfactor =  0.04618
O16   0.00046  0.75038  0.66846  0.0000  1.0000  0.0000 
O14   0.00046  0.75038  0.16846  0.0000  1.0000  0.0000 
O15   0.00046  0.25039  0.66846  0.0000  1.0000  0.0000 
O13   0.00046  0.25039  0.16846  0.0000  1.0000  0.0000 
O9    0.00046  0.25039  0.33300  0.0000 -1.0000  0.0000 
O11   0.00046  0.25039  0.83300  0.0000 -1.0000  0.0000 
O10   0.00046  0.75038  0.33300  0.0000 -1.0000  0.0000 
O12   0.00046  0.75038  0.83300  0.0000 -1.0000  0.0000 
O6    0.50045  0.50038  0.33300  0.0000  0.0000  0.0000 
O8    0.50045  0.50038  0.83300  0.0000  0.0000  0.0000 
O5    0.50045  0.00038  0.33300  0.0000  0.0000  0.0000 
O7    0.50045  0.00038  0.83300  0.0000  0.0000  0.0000 
O20   0.50045  0.50038  0.66846  0.0000  0.0000  0.0000 
O18   0.50045  0.50038  0.16846  0.0000  0.0000  0.0000 
O19   0.50045  0.00038  0.66846  0.0000  0.0000  0.0000 
O17   0.50045  0.00038  0.16846  0.0000  0.0000  0.0000 

P4/mmm[0,0,0]GM5+(a,b)[O2:i:dsp]B2(b) normfactor =  0.09236
O16   0.00046  0.75038  0.66846  0.0000  0.0000  0.0000 
O14   0.00046  0.75038  0.16846  0.0000  0.0000  0.0000 
O15   0.00046  0.25039  0.66846  0.0000  0.0000  0.0000 
O13   0.00046  0.25039  0.16846  0.0000  0.0000  0.0000 
O9    0.00046  0.25039  0.33300  0.0000  0.0000  0.0000 
O11   0.00046  0.25039  0.83300  0.0000  0.0000  0.0000 
O10   0.00046  0.75038  0.33300  0.0000  0.0000  0.0000 
O12   0.00046  0.75038  0.83300  0.0000  0.0000  0.0000 
O6    0.50045  0.50038  0.33300  1.0000  0.0000  0.0000 
O8    0.50045  0.50038  0.83300  1.0000  0.0000  0.0000 
O5    0.50045  0.00038  0.33300  1.0000  0.0000  0.0000 
O7    0.50045  0.00038  0.83300  1.0000  0.0000  0.0000 
O20   0.50045  0.50038  0.66846 -1.0000  0.0000  0.0000 
O18   0.50045  0.50038  0.16846 -1.0000  0.0000  0.0000 
O19   0.50045  0.00038  0.66846 -1.0000  0.0000  0.0000 
O17   0.50045  0.00038  0.16846 -1.0000  0.0000  0.0000 

P4/mmm[0,0,0]GM5+(a,b)[O2:i:dsp]B1(a) normfactor =  0.04618
O16   0.00046  0.75038  0.66846  0.0000  0.0000  0.0000 
O14   0.00046  0.75038  0.16846  0.0000  0.0000  0.0000 
O15   0.00046  0.25039  0.66846  0.0000  0.0000  0.0000 
O13   0.00046  0.25039  0.16846  0.0000  0.0000  0.0000 
O9    0.00046  0.25039  0.33300  0.0000  0.0000  0.0000 
O11   0.00046  0.25039  0.83300  0.0000  0.0000  0.0000 
O10   0.00046  0.75038  0.33300  0.0000  0.0000  0.0000 
O12   0.00046  0.75038  0.83300  0.0000  0.0000  0.0000 
O6    0.50045  0.50038  0.33300  0.0000  1.0000  0.0000 
O8    0.50045  0.50038  0.83300  0.0000  1.0000  0.0000 
O5    0.50045  0.00038  0.33300  0.0000  1.0000  0.0000 
O7    0.50045  0.00038  0.83300  0.0000  1.0000  0.0000 
O20   0.50045  0.50038  0.66846  0.0000 -1.0000  0.0000 
O18   0.50045  0.50038  0.16846  0.0000 -1.0000  0.0000 
O19   0.50045  0.00038  0.66846  0.0000 -1.0000  0.0000 
O17   0.50045  0.00038  0.16846  0.0000 -1.0000  0.0000 

P4/mmm[0,0,0]GM5+(a,b)[O2:i:dsp]B1(b) normfactor =  0.09236
O16   0.00046  0.75038  0.66846  1.0000  0.0000  0.0000 
O14   0.00046  0.75038  0.16846  1.0000  0.0000  0.0000 
O15   0.00046  0.25039  0.66846  1.0000  0.0000  0.0000 
O13   0.00046  0.25039  0.16846  1.0000  0.0000  0.0000 
O9    0.00046  0.25039  0.33300 -1.0000  0.0000  0.0000 
O11   0.00046  0.25039  0.83300 -1.0000  0.0000  0.0000 
O10   0.00046  0.75038  0.33300 -1.0000  0.0000  0.0000 
O12   0.00046  0.75038  0.83300 -1.0000  0.0000  0.0000 
O6    0.50045  0.50038  0.33300  0.0000  0.0000  0.0000 
O8    0.50045  0.50038  0.83300  0.0000  0.0000  0.0000 
O5    0.50045  0.00038  0.33300  0.0000  0.0000  0.0000 
O7    0.50045  0.00038  0.83300  0.0000  0.0000  0.0000 
O20   0.50045  0.50038  0.66846  0.0000  0.0000  0.0000 
O18   0.50045  0.50038  0.16846  0.0000  0.0000  0.0000 
O19   0.50045  0.00038  0.66846  0.0000  0.0000  0.0000 
O17   0.50045  0.00038  0.16846  0.0000  0.0000  0.0000 

P4/mmm[0,0,0]GM5+(a,b)[O3:g:dsp]E(a) normfactor =  0.04618
O26   0.00046  0.50038  0.43574  0.0000 -1.0000  0.0000 
O28   0.00046  0.50038  0.93574  0.0000 -1.0000  0.0000 
O25   0.00046  0.00038  0.43574  0.0000 -1.0000  0.0000 
O27   0.00046  0.00038  0.93574  0.0000 -1.0000  0.0000 
O24   0.00046  0.50038  0.56572  0.0000  1.0000  0.0000 
O22   0.00046  0.50038  0.06572  0.0000  1.0000  0.0000 
O23   0.00046  0.00038  0.56572  0.0000  1.0000  0.0000 
O21   0.00046  0.00038  0.06572  0.0000  1.0000  0.0000 

P4/mmm[0,0,0]GM5+(a,b)[O3:g:dsp]E(b) normfactor =  0.09236
O26   0.00046  0.50038  0.43574  1.0000  0.0000  0.0000 
O28   0.00046  0.50038  0.93574  1.0000  0.0000  0.0000 
O25   0.00046  0.00038  0.43574  1.0000  0.0000  0.0000 
O27   0.00046  0.00038  0.93574  1.0000  0.0000  0.0000 
O24   0.00046  0.50038  0.56572 -1.0000  0.0000  0.0000 
O22   0.00046  0.50038  0.06572 -1.0000  0.0000  0.0000 
O23   0.00046  0.00038  0.56572 -1.0000  0.0000  0.0000 
O21   0.00046  0.00038  0.06572 -1.0000  0.0000  0.0000 

P4/mmm[0,0,0]GM3-(a)[Na1:c:dsp]A2u(a) normfactor =  0.02284
Na4   0.50045  0.75038  0.50073  0.0000  0.0000  1.0000 
Na2   0.50045  0.75038  0.00073  0.0000  0.0000  1.0000 
Na3   0.50045  0.25039  0.50073  0.0000  0.0000  1.0000 
Na1   0.50045  0.25039  0.00073  0.0000  0.0000  1.0000 

P4/mmm[0,0,0]GM3-(a)[Nd1:d:dsp]A2u(a) normfactor =  0.02284
Nd4   0.50045  0.75038  0.75073  0.0000  0.0000  1.0000 
Nd2   0.50045  0.75038  0.25073  0.0000  0.0000  1.0000 
Nd3   0.50045  0.25039  0.75073  0.0000  0.0000  1.0000 
Nd1   0.50045  0.25039  0.25073  0.0000  0.0000  1.0000 

P4/mmm[0,0,0]GM3-(a)[Nb1:g:dsp]A1(a) normfactor =  0.01615
Nb6   0.00046  0.50038  0.35396  0.0000  0.0000  1.0000 
Nb8   0.00046  0.50038  0.85396  0.0000  0.0000  1.0000 
Nb5   0.00046  0.00038  0.35396  0.0000  0.0000  1.0000 
Nb7   0.00046  0.00038  0.85396  0.0000  0.0000  1.0000 
Nb4   0.00046  0.50038  0.64750  0.0000  0.0000  1.0000 
Nb2   0.00046  0.50038  0.14750  0.0000  0.0000  1.0000 
Nb3   0.00046  0.00038  0.64750  0.0000  0.0000  1.0000 
Nb1   0.00046  0.00038  0.14750  0.0000  0.0000  1.0000 

P4/mmm[0,0,0]GM3-(a)[O1:b:dsp]A2u(a) normfactor =  0.02284
O4    0.00046  0.50038  0.75073  0.0000  0.0000  1.0000 
O2    0.00046  0.50038  0.25073  0.0000  0.0000  1.0000 
O3    0.00046  0.00038  0.75073  0.0000  0.0000  1.0000 
O1    0.00046  0.00038  0.25073  0.0000  0.0000  1.0000 

P4/mmm[0,0,0]GM3-(a)[O2:i:dsp]A1(a) normfactor =  0.01142
O16   0.00046  0.75038  0.66846  0.0000  0.0000  1.0000 
O14   0.00046  0.75038  0.16846  0.0000  0.0000  1.0000 
O15   0.00046  0.25039  0.66846  0.0000  0.0000  1.0000 
O13   0.00046  0.25039  0.16846  0.0000  0.0000  1.0000 
O9    0.00046  0.25039  0.33300  0.0000  0.0000  1.0000 
O11   0.00046  0.25039  0.83300  0.0000  0.0000  1.0000 
O10   0.00046  0.75038  0.33300  0.0000  0.0000  1.0000 
O12   0.00046  0.75038  0.83300  0.0000  0.0000  1.0000 
O6    0.50045  0.50038  0.33300  0.0000  0.0000  1.0000 
O8    0.50045  0.50038  0.83300  0.0000  0.0000  1.0000 
O5    0.50045  0.00038  0.33300  0.0000  0.0000  1.0000 
O7    0.50045  0.00038  0.83300  0.0000  0.0000  1.0000 
O20   0.50045  0.50038  0.66846  0.0000  0.0000  1.0000 
O18   0.50045  0.50038  0.16846  0.0000  0.0000  1.0000 
O19   0.50045  0.00038  0.66846  0.0000  0.0000  1.0000 
O17   0.50045  0.00038  0.16846  0.0000  0.0000  1.0000 

P4/mmm[0,0,0]GM3-(a)[O3:g:dsp]A1(a) normfactor =  0.01615
O26   0.00046  0.50038  0.43574  0.0000  0.0000  1.0000 
O28   0.00046  0.50038  0.93574  0.0000  0.0000  1.0000 
O25   0.00046  0.00038  0.43574  0.0000  0.0000  1.0000 
O27   0.00046  0.00038  0.93574  0.0000  0.0000  1.0000 
O24   0.00046  0.50038  0.56572  0.0000  0.0000  1.0000 
O22   0.00046  0.50038  0.06572  0.0000  0.0000  1.0000 
O23   0.00046  0.00038  0.56572  0.0000  0.0000  1.0000 
O21   0.00046  0.00038  0.06572  0.0000  0.0000  1.0000 

P4/mmm[0,0,0]GM4-(a)[O2:i:dsp]A1(a) normfactor =  0.01142
O16   0.00046  0.75038  0.66846  0.0000  0.0000  1.0000 
O14   0.00046  0.75038  0.16846  0.0000  0.0000  1.0000 
O15   0.00046  0.25039  0.66846  0.0000  0.0000  1.0000 
O13   0.00046  0.25039  0.16846  0.0000  0.0000  1.0000 
O9    0.00046  0.25039  0.33300  0.0000  0.0000  1.0000 
O11   0.00046  0.25039  0.83300  0.0000  0.0000  1.0000 
O10   0.00046  0.75038  0.33300  0.0000  0.0000  1.0000 
O12   0.00046  0.75038  0.83300  0.0000  0.0000  1.0000 
O6    0.50045  0.50038  0.33300  0.0000  0.0000 -1.0000 
O8    0.50045  0.50038  0.83300  0.0000  0.0000 -1.0000 
O5    0.50045  0.00038  0.33300  0.0000  0.0000 -1.0000 
O7    0.50045  0.00038  0.83300  0.0000  0.0000 -1.0000 
O20   0.50045  0.50038  0.66846  0.0000  0.0000 -1.0000 
O18   0.50045  0.50038  0.16846  0.0000  0.0000 -1.0000 
O19   0.50045  0.00038  0.66846  0.0000  0.0000 -1.0000 
O17   0.50045  0.00038  0.16846  0.0000  0.0000 -1.0000 

P4/mmm[0,0,0]GM5-(a,b)[Na1:c:dsp]Eu(a) normfactor =  0.13061
Na4   0.50045  0.75038  0.50073  1.0000  0.0000  0.0000 
Na2   0.50045  0.75038  0.00073  1.0000  0.0000  0.0000 
Na3   0.50045  0.25039  0.50073  1.0000  0.0000  0.0000 
Na1   0.50045  0.25039  0.00073  1.0000  0.0000  0.0000 

P4/mmm[0,0,0]GM5-(a,b)[Na1:c:dsp]Eu(b) normfactor =  0.06531
Na4   0.50045  0.75038  0.50073  0.0000  1.0000  0.0000 
Na2   0.50045  0.75038  0.00073  0.0000  1.0000  0.0000 
Na3   0.50045  0.25039  0.50073  0.0000  1.0000  0.0000 
Na1   0.50045  0.25039  0.00073  0.0000  1.0000  0.0000 

P4/mmm[0,0,0]GM5-(a,b)[Nd1:d:dsp]Eu(a) normfactor =  0.13061
Nd4   0.50045  0.75038  0.75073  1.0000  0.0000  0.0000 
Nd2   0.50045  0.75038  0.25073  1.0000  0.0000  0.0000 
Nd3   0.50045  0.25039  0.75073  1.0000  0.0000  0.0000 
Nd1   0.50045  0.25039  0.25073  1.0000  0.0000  0.0000 

P4/mmm[0,0,0]GM5-(a,b)[Nd1:d:dsp]Eu(b) normfactor =  0.06531
Nd4   0.50045  0.75038  0.75073  0.0000  1.0000  0.0000 
Nd2   0.50045  0.75038  0.25073  0.0000  1.0000  0.0000 
Nd3   0.50045  0.25039  0.75073  0.0000  1.0000  0.0000 
Nd1   0.50045  0.25039  0.25073  0.0000  1.0000  0.0000 

P4/mmm[0,0,0]GM5-(a,b)[Nb1:g:dsp]E(a) normfactor =  0.09236
Nb6   0.00046  0.50038  0.35396  1.0000  0.0000  0.0000 
Nb8   0.00046  0.50038  0.85396  1.0000  0.0000  0.0000 
Nb5   0.00046  0.00038  0.35396  1.0000  0.0000  0.0000 
Nb7   0.00046  0.00038  0.85396  1.0000  0.0000  0.0000 
Nb4   0.00046  0.50038  0.64750  1.0000  0.0000  0.0000 
Nb2   0.00046  0.50038  0.14750  1.0000  0.0000  0.0000 
Nb3   0.00046  0.00038  0.64750  1.0000  0.0000  0.0000 
Nb1   0.00046  0.00038  0.14750  1.0000  0.0000  0.0000 

P4/mmm[0,0,0]GM5-(a,b)[Nb1:g:dsp]E(b) normfactor =  0.04618
Nb6   0.00046  0.50038  0.35396  0.0000  1.0000  0.0000 
Nb8   0.00046  0.50038  0.85396  0.0000  1.0000  0.0000 
Nb5   0.00046  0.00038  0.35396  0.0000  1.0000  0.0000 
Nb7   0.00046  0.00038  0.85396  0.0000  1.0000  0.0000 
Nb4   0.00046  0.50038  0.64750  0.0000  1.0000  0.0000 
Nb2   0.00046  0.50038  0.14750  0.0000  1.0000  0.0000 
Nb3   0.00046  0.00038  0.64750  0.0000  1.0000  0.0000 
Nb1   0.00046  0.00038  0.14750  0.0000  1.0000  0.0000 

P4/mmm[0,0,0]GM5-(a,b)[O1:b:dsp]Eu(a) normfactor =  0.13061
O4    0.00046  0.50038  0.75073  1.0000  0.0000  0.0000 
O2    0.00046  0.50038  0.25073  1.0000  0.0000  0.0000 
O3    0.00046  0.00038  0.75073  1.0000  0.0000  0.0000 
O1    0.00046  0.00038  0.25073  1.0000  0.0000  0.0000 

P4/mmm[0,0,0]GM5-(a,b)[O1:b:dsp]Eu(b) normfactor =  0.06531
O4    0.00046  0.50038  0.75073  0.0000  1.0000  0.0000 
O2    0.00046  0.50038  0.25073  0.0000  1.0000  0.0000 
O3    0.00046  0.00038  0.75073  0.0000  1.0000  0.0000 
O1    0.00046  0.00038  0.25073  0.0000  1.0000  0.0000 

P4/mmm[0,0,0]GM5-(a,b)[O2:i:dsp]B2(a) normfactor =  0.09236
O16   0.00046  0.75038  0.66846  0.0000  0.0000  0.0000 
O14   0.00046  0.75038  0.16846  0.0000  0.0000  0.0000 
O15   0.00046  0.25039  0.66846  0.0000  0.0000  0.0000 
O13   0.00046  0.25039  0.16846  0.0000  0.0000  0.0000 
O9    0.00046  0.25039  0.33300  0.0000  0.0000  0.0000 
O11   0.00046  0.25039  0.83300  0.0000  0.0000  0.0000 
O10   0.00046  0.75038  0.33300  0.0000  0.0000  0.0000 
O12   0.00046  0.75038  0.83300  0.0000  0.0000  0.0000 
O6    0.50045  0.50038  0.33300  1.0000  0.0000  0.0000 
O8    0.50045  0.50038  0.83300  1.0000  0.0000  0.0000 
O5    0.50045  0.00038  0.33300  1.0000  0.0000  0.0000 
O7    0.50045  0.00038  0.83300  1.0000  0.0000  0.0000 
O20   0.50045  0.50038  0.66846  1.0000  0.0000  0.0000 
O18   0.50045  0.50038  0.16846  1.0000  0.0000  0.0000 
O19   0.50045  0.00038  0.66846  1.0000  0.0000  0.0000 
O17   0.50045  0.00038  0.16846  1.0000  0.0000  0.0000 

P4/mmm[0,0,0]GM5-(a,b)[O2:i:dsp]B2(b) normfactor =  0.04618
O16   0.00046  0.75038  0.66846  0.0000  1.0000  0.0000 
O14   0.00046  0.75038  0.16846  0.0000  1.0000  0.0000 
O15   0.00046  0.25039  0.66846  0.0000  1.0000  0.0000 
O13   0.00046  0.25039  0.16846  0.0000  1.0000  0.0000 
O9    0.00046  0.25039  0.33300  0.0000  1.0000  0.0000 
O11   0.00046  0.25039  0.83300  0.0000  1.0000  0.0000 
O10   0.00046  0.75038  0.33300  0.0000  1.0000  0.0000 
O12   0.00046  0.75038  0.83300  0.0000  1.0000  0.0000 
O6    0.50045  0.50038  0.33300  0.0000  0.0000  0.0000 
O8    0.50045  0.50038  0.83300  0.0000  0.0000  0.0000 
O5    0.50045  0.00038  0.33300  0.0000  0.0000  0.0000 
O7    0.50045  0.00038  0.83300  0.0000  0.0000  0.0000 
O20   0.50045  0.50038  0.66846  0.0000  0.0000  0.0000 
O18   0.50045  0.50038  0.16846  0.0000  0.0000  0.0000 
O19   0.50045  0.00038  0.66846  0.0000  0.0000  0.0000 
O17   0.50045  0.00038  0.16846  0.0000  0.0000  0.0000 

P4/mmm[0,0,0]GM5-(a,b)[O2:i:dsp]B1(a) normfactor =  0.09236
O16   0.00046  0.75038  0.66846  1.0000  0.0000  0.0000 
O14   0.00046  0.75038  0.16846  1.0000  0.0000  0.0000 
O15   0.00046  0.25039  0.66846  1.0000  0.0000  0.0000 
O13   0.00046  0.25039  0.16846  1.0000  0.0000  0.0000 
O9    0.00046  0.25039  0.33300  1.0000  0.0000  0.0000 
O11   0.00046  0.25039  0.83300  1.0000  0.0000  0.0000 
O10   0.00046  0.75038  0.33300  1.0000  0.0000  0.0000 
O12   0.00046  0.75038  0.83300  1.0000  0.0000  0.0000 
O6    0.50045  0.50038  0.33300  0.0000  0.0000  0.0000 
O8    0.50045  0.50038  0.83300  0.0000  0.0000  0.0000 
O5    0.50045  0.00038  0.33300  0.0000  0.0000  0.0000 
O7    0.50045  0.00038  0.83300  0.0000  0.0000  0.0000 
O20   0.50045  0.50038  0.66846  0.0000  0.0000  0.0000 
O18   0.50045  0.50038  0.16846  0.0000  0.0000  0.0000 
O19   0.50045  0.00038  0.66846  0.0000  0.0000  0.0000 
O17   0.50045  0.00038  0.16846  0.0000  0.0000  0.0000 

P4/mmm[0,0,0]GM5-(a,b)[O2:i:dsp]B1(b) normfactor =  0.04618
O16   0.00046  0.75038  0.66846  0.0000  0.0000  0.0000 
O14   0.00046  0.75038  0.16846  0.0000  0.0000  0.0000 
O15   0.00046  0.25039  0.66846  0.0000  0.0000  0.0000 
O13   0.00046  0.25039  0.16846  0.0000  0.0000  0.0000 
O9    0.00046  0.25039  0.33300  0.0000  0.0000  0.0000 
O11   0.00046  0.25039  0.83300  0.0000  0.0000  0.0000 
O10   0.00046  0.75038  0.33300  0.0000  0.0000  0.0000 
O12   0.00046  0.75038  0.83300  0.0000  0.0000  0.0000 
O6    0.50045  0.50038  0.33300  0.0000  1.0000  0.0000 
O8    0.50045  0.50038  0.83300  0.0000  1.0000  0.0000 
O5    0.50045  0.00038  0.33300  0.0000  1.0000  0.0000 
O7    0.50045  0.00038  0.83300  0.0000  1.0000  0.0000 
O20   0.50045  0.50038  0.66846  0.0000  1.0000  0.0000 
O18   0.50045  0.50038  0.16846  0.0000  1.0000  0.0000 
O19   0.50045  0.00038  0.66846  0.0000  1.0000  0.0000 
O17   0.50045  0.00038  0.16846  0.0000  1.0000  0.0000 

P4/mmm[0,0,0]GM5-(a,b)[O3:g:dsp]E(a) normfactor =  0.09236
O26   0.00046  0.50038  0.43574  1.0000  0.0000  0.0000 
O28   0.00046  0.50038  0.93574  1.0000  0.0000  0.0000 
O25   0.00046  0.00038  0.43574  1.0000  0.0000  0.0000 
O27   0.00046  0.00038  0.93574  1.0000  0.0000  0.0000 
O24   0.00046  0.50038  0.56572  1.0000  0.0000  0.0000 
O22   0.00046  0.50038  0.06572  1.0000  0.0000  0.0000 
O23   0.00046  0.00038  0.56572  1.0000  0.0000  0.0000 
O21   0.00046  0.00038  0.06572  1.0000  0.0000  0.0000 

P4/mmm[0,0,0]GM5-(a,b)[O3:g:dsp]E(b) normfactor =  0.04618
O26   0.00046  0.50038  0.43574  0.0000  1.0000  0.0000 
O28   0.00046  0.50038  0.93574  0.0000  1.0000  0.0000 
O25   0.00046  0.00038  0.43574  0.0000  1.0000  0.0000 
O27   0.00046  0.00038  0.93574  0.0000  1.0000  0.0000 
O24   0.00046  0.50038  0.56572  0.0000  1.0000  0.0000 
O22   0.00046  0.50038  0.06572  0.0000  1.0000  0.0000 
O23   0.00046  0.00038  0.56572  0.0000  1.0000  0.0000 
O21   0.00046  0.00038  0.06572  0.0000  1.0000  0.0000 

P4/mmm[0,1/2,0]X1+(a;0)[Na1:c:dsp]Eu(a) normfactor =  0.06531
Na4   0.50045  0.75038  0.50073  0.0000  1.0000  0.0000 
Na2   0.50045  0.75038  0.00073  0.0000  1.0000  0.0000 
Na3   0.50045  0.25039  0.50073  0.0000 -1.0000  0.0000 
Na1   0.50045  0.25039  0.00073  0.0000 -1.0000  0.0000 

P4/mmm[0,1/2,0]X1+(a;0)[Nd1:d:dsp]Eu(a) normfactor =  0.06531
Nd4   0.50045  0.75038  0.75073  0.0000  1.0000  0.0000 
Nd2   0.50045  0.75038  0.25073  0.0000  1.0000  0.0000 
Nd3   0.50045  0.25039  0.75073  0.0000 -1.0000  0.0000 
Nd1   0.50045  0.25039  0.25073  0.0000 -1.0000  0.0000 

P4/mmm[0,1/2,0]X1+(a;0)[Nb1:g:dsp]A1(a) normfactor =  0.01615
Nb6   0.00046  0.50038  0.35396  0.0000  0.0000  1.0000 
Nb8   0.00046  0.50038  0.85396  0.0000  0.0000  1.0000 
Nb5   0.00046  0.00038  0.35396  0.0000  0.0000 -1.0000 
Nb7   0.00046  0.00038  0.85396  0.0000  0.0000 -1.0000 
Nb4   0.00046  0.50038  0.64750  0.0000  0.0000 -1.0000 
Nb2   0.00046  0.50038  0.14750  0.0000  0.0000 -1.0000 
Nb3   0.00046  0.00038  0.64750  0.0000  0.0000  1.0000 
Nb1   0.00046  0.00038  0.14750  0.0000  0.0000  1.0000 

P4/mmm[0,1/2,0]X1+(a;0)[O2:i:dsp]A1(a) normfactor =  0.01615
O16   0.00046  0.75038  0.66846  0.0000  0.0000  0.0000 
O14   0.00046  0.75038  0.16846  0.0000  0.0000  0.0000 
O15   0.00046  0.25039  0.66846  0.0000  0.0000  0.0000 
O13   0.00046  0.25039  0.16846  0.0000  0.0000  0.0000 
O9    0.00046  0.25039  0.33300  0.0000  0.0000  0.0000 
O11   0.00046  0.25039  0.83300  0.0000  0.0000  0.0000 
O10   0.00046  0.75038  0.33300  0.0000  0.0000  0.0000 
O12   0.00046  0.75038  0.83300  0.0000  0.0000  0.0000 
O6    0.50045  0.50038  0.33300  0.0000  0.0000 -1.0000 
O8    0.50045  0.50038  0.83300  0.0000  0.0000 -1.0000 
O5    0.50045  0.00038  0.33300  0.0000  0.0000  1.0000 
O7    0.50045  0.00038  0.83300  0.0000  0.0000  1.0000 
O20   0.50045  0.50038  0.66846  0.0000  0.0000  1.0000 
O18   0.50045  0.50038  0.16846  0.0000  0.0000  1.0000 
O19   0.50045  0.00038  0.66846  0.0000  0.0000 -1.0000 
O17   0.50045  0.00038  0.16846  0.0000  0.0000 -1.0000 

P4/mmm[0,1/2,0]X1+(a;0)[O2:i:dsp]B2(a) normfactor =  0.04618
O16   0.00046  0.75038  0.66846  0.0000  1.0000  0.0000 
O14   0.00046  0.75038  0.16846  0.0000  1.0000  0.0000 
O15   0.00046  0.25039  0.66846  0.0000 -1.0000  0.0000 
O13   0.00046  0.25039  0.16846  0.0000 -1.0000  0.0000 
O9    0.00046  0.25039  0.33300  0.0000 -1.0000  0.0000 
O11   0.00046  0.25039  0.83300  0.0000 -1.0000  0.0000 
O10   0.00046  0.75038  0.33300  0.0000  1.0000  0.0000 
O12   0.00046  0.75038  0.83300  0.0000  1.0000  0.0000 
O6    0.50045  0.50038  0.33300  0.0000  0.0000  0.0000 
O8    0.50045  0.50038  0.83300  0.0000  0.0000  0.0000 
O5    0.50045  0.00038  0.33300  0.0000  0.0000  0.0000 
O7    0.50045  0.00038  0.83300  0.0000  0.0000  0.0000 
O20   0.50045  0.50038  0.66846  0.0000  0.0000  0.0000 
O18   0.50045  0.50038  0.16846  0.0000  0.0000  0.0000 
O19   0.50045  0.00038  0.66846  0.0000  0.0000  0.0000 
O17   0.50045  0.00038  0.16846  0.0000  0.0000  0.0000 

P4/mmm[0,1/2,0]X1+(a;0)[O3:g:dsp]A1(a) normfactor =  0.01615
O26   0.00046  0.50038  0.43574  0.0000  0.0000  1.0000 
O28   0.00046  0.50038  0.93574  0.0000  0.0000  1.0000 
O25   0.00046  0.00038  0.43574  0.0000  0.0000 -1.0000 
O27   0.00046  0.00038  0.93574  0.0000  0.0000 -1.0000 
O24   0.00046  0.50038  0.56572  0.0000  0.0000 -1.0000 
O22   0.00046  0.50038  0.06572  0.0000  0.0000 -1.0000 
O23   0.00046  0.00038  0.56572  0.0000  0.0000  1.0000 
O21   0.00046  0.00038  0.06572  0.0000  0.0000  1.0000 

P4/mmm[0,1/2,0]X2+(a;0)[Na1:c:dsp]Eu(a) normfactor =  0.13061
Na4   0.50045  0.75038  0.50073  1.0000  0.0000  0.0000 
Na2   0.50045  0.75038  0.00073  1.0000  0.0000  0.0000 
Na3   0.50045  0.25039  0.50073 -1.0000  0.0000  0.0000 
Na1   0.50045  0.25039  0.00073 -1.0000  0.0000  0.0000 

P4/mmm[0,1/2,0]X2+(a;0)[Nd1:d:dsp]Eu(a) normfactor =  0.13061
Nd4   0.50045  0.75038  0.75073  1.0000  0.0000  0.0000 
Nd2   0.50045  0.75038  0.25073  1.0000  0.0000  0.0000 
Nd3   0.50045  0.25039  0.75073 -1.0000  0.0000  0.0000 
Nd1   0.50045  0.25039  0.25073 -1.0000  0.0000  0.0000 

P4/mmm[0,1/2,0]X2+(a;0)[O2:i:dsp]B1(a) normfactor =  0.09236
O16   0.00046  0.75038  0.66846  1.0000  0.0000  0.0000 
O14   0.00046  0.75038  0.16846  1.0000  0.0000  0.0000 
O15   0.00046  0.25039  0.66846 -1.0000  0.0000  0.0000 
O13   0.00046  0.25039  0.16846 -1.0000  0.0000  0.0000 
O9    0.00046  0.25039  0.33300 -1.0000  0.0000  0.0000 
O11   0.00046  0.25039  0.83300 -1.0000  0.0000  0.0000 
O10   0.00046  0.75038  0.33300  1.0000  0.0000  0.0000 
O12   0.00046  0.75038  0.83300  1.0000  0.0000  0.0000 
O6    0.50045  0.50038  0.33300  0.0000  0.0000  0.0000 
O8    0.50045  0.50038  0.83300  0.0000  0.0000  0.0000 
O5    0.50045  0.00038  0.33300  0.0000  0.0000  0.0000 
O7    0.50045  0.00038  0.83300  0.0000  0.0000  0.0000 
O20   0.50045  0.50038  0.66846  0.0000  0.0000  0.0000 
O18   0.50045  0.50038  0.16846  0.0000  0.0000  0.0000 
O19   0.50045  0.00038  0.66846  0.0000  0.0000  0.0000 
O17   0.50045  0.00038  0.16846  0.0000  0.0000  0.0000 

P4/mmm[0,1/2,0]X3+(a;0)[Na1:c:dsp]A2u(a) normfactor =  0.02284
Na4   0.50045  0.75038  0.50073  0.0000  0.0000  1.0000 
Na2   0.50045  0.75038  0.00073  0.0000  0.0000  1.0000 
Na3   0.50045  0.25039  0.50073  0.0000  0.0000 -1.0000 
Na1   0.50045  0.25039  0.00073  0.0000  0.0000 -1.0000 

P4/mmm[0,1/2,0]X3+(a;0)[Nd1:d:dsp]A2u(a) normfactor =  0.02284
Nd4   0.50045  0.75038  0.75073  0.0000  0.0000  1.0000 
Nd2   0.50045  0.75038  0.25073  0.0000  0.0000  1.0000 
Nd3   0.50045  0.25039  0.75073  0.0000  0.0000 -1.0000 
Nd1   0.50045  0.25039  0.25073  0.0000  0.0000 -1.0000 

P4/mmm[0,1/2,0]X3+(a;0)[Nb1:g:dsp]E(a) normfactor =  0.04618
Nb6   0.00046  0.50038  0.35396  0.0000  1.0000  0.0000 
Nb8   0.00046  0.50038  0.85396  0.0000  1.0000  0.0000 
Nb5   0.00046  0.00038  0.35396  0.0000 -1.0000  0.0000 
Nb7   0.00046  0.00038  0.85396  0.0000 -1.0000  0.0000 
Nb4   0.00046  0.50038  0.64750  0.0000 -1.0000  0.0000 
Nb2   0.00046  0.50038  0.14750  0.0000 -1.0000  0.0000 
Nb3   0.00046  0.00038  0.64750  0.0000  1.0000  0.0000 
Nb1   0.00046  0.00038  0.14750  0.0000  1.0000  0.0000 

P4/mmm[0,1/2,0]X3+(a;0)[O2:i:dsp]A1(a) normfactor =  0.01615
O16   0.00046  0.75038  0.66846  0.0000  0.0000  1.0000 
O14   0.00046  0.75038  0.16846  0.0000  0.0000  1.0000 
O15   0.00046  0.25039  0.66846  0.0000  0.0000 -1.0000 
O13   0.00046  0.25039  0.16846  0.0000  0.0000 -1.0000 
O9    0.00046  0.25039  0.33300  0.0000  0.0000 -1.0000 
O11   0.00046  0.25039  0.83300  0.0000  0.0000 -1.0000 
O10   0.00046  0.75038  0.33300  0.0000  0.0000  1.0000 
O12   0.00046  0.75038  0.83300  0.0000  0.0000  1.0000 
O6    0.50045  0.50038  0.33300  0.0000  0.0000  0.0000 
O8    0.50045  0.50038  0.83300  0.0000  0.0000  0.0000 
O5    0.50045  0.00038  0.33300  0.0000  0.0000  0.0000 
O7    0.50045  0.00038  0.83300  0.0000  0.0000  0.0000 
O20   0.50045  0.50038  0.66846  0.0000  0.0000  0.0000 
O18   0.50045  0.50038  0.16846  0.0000  0.0000  0.0000 
O19   0.50045  0.00038  0.66846  0.0000  0.0000  0.0000 
O17   0.50045  0.00038  0.16846  0.0000  0.0000  0.0000 

P4/mmm[0,1/2,0]X3+(a;0)[O2:i:dsp]B1(a) normfactor =  0.04618
O16   0.00046  0.75038  0.66846  0.0000  0.0000  0.0000 
O14   0.00046  0.75038  0.16846  0.0000  0.0000  0.0000 
O15   0.00046  0.25039  0.66846  0.0000  0.0000  0.0000 
O13   0.00046  0.25039  0.16846  0.0000  0.0000  0.0000 
O9    0.00046  0.25039  0.33300  0.0000  0.0000  0.0000 
O11   0.00046  0.25039  0.83300  0.0000  0.0000  0.0000 
O10   0.00046  0.75038  0.33300  0.0000  0.0000  0.0000 
O12   0.00046  0.75038  0.83300  0.0000  0.0000  0.0000 
O6    0.50045  0.50038  0.33300  0.0000 -1.0000  0.0000 
O8    0.50045  0.50038  0.83300  0.0000 -1.0000  0.0000 
O5    0.50045  0.00038  0.33300  0.0000  1.0000  0.0000 
O7    0.50045  0.00038  0.83300  0.0000  1.0000  0.0000 
O20   0.50045  0.50038  0.66846  0.0000  1.0000  0.0000 
O18   0.50045  0.50038  0.16846  0.0000  1.0000  0.0000 
O19   0.50045  0.00038  0.66846  0.0000 -1.0000  0.0000 
O17   0.50045  0.00038  0.16846  0.0000 -1.0000  0.0000 

P4/mmm[0,1/2,0]X3+(a;0)[O3:g:dsp]E(a) normfactor =  0.04618
O26   0.00046  0.50038  0.43574  0.0000  1.0000  0.0000 
O28   0.00046  0.50038  0.93574  0.0000  1.0000  0.0000 
O25   0.00046  0.00038  0.43574  0.0000 -1.0000  0.0000 
O27   0.00046  0.00038  0.93574  0.0000 -1.0000  0.0000 
O24   0.00046  0.50038  0.56572  0.0000 -1.0000  0.0000 
O22   0.00046  0.50038  0.06572  0.0000 -1.0000  0.0000 
O23   0.00046  0.00038  0.56572  0.0000  1.0000  0.0000 
O21   0.00046  0.00038  0.06572  0.0000  1.0000  0.0000 

P4/mmm[0,1/2,0]X4+(a;0)[Nb1:g:dsp]E(a) normfactor =  0.09236
Nb6   0.00046  0.50038  0.35396  1.0000  0.0000  0.0000 
Nb8   0.00046  0.50038  0.85396  1.0000  0.0000  0.0000 
Nb5   0.00046  0.00038  0.35396 -1.0000  0.0000  0.0000 
Nb7   0.00046  0.00038  0.85396 -1.0000  0.0000  0.0000 
Nb4   0.00046  0.50038  0.64750 -1.0000  0.0000  0.0000 
Nb2   0.00046  0.50038  0.14750 -1.0000  0.0000  0.0000 
Nb3   0.00046  0.00038  0.64750  1.0000  0.0000  0.0000 
Nb1   0.00046  0.00038  0.14750  1.0000  0.0000  0.0000 

P4/mmm[0,1/2,0]X4+(a;0)[O2:i:dsp]B2(a) normfactor =  0.09236
O16   0.00046  0.75038  0.66846  0.0000  0.0000  0.0000 
O14   0.00046  0.75038  0.16846  0.0000  0.0000  0.0000 
O15   0.00046  0.25039  0.66846  0.0000  0.0000  0.0000 
O13   0.00046  0.25039  0.16846  0.0000  0.0000  0.0000 
O9    0.00046  0.25039  0.33300  0.0000  0.0000  0.0000 
O11   0.00046  0.25039  0.83300  0.0000  0.0000  0.0000 
O10   0.00046  0.75038  0.33300  0.0000  0.0000  0.0000 
O12   0.00046  0.75038  0.83300  0.0000  0.0000  0.0000 
O6    0.50045  0.50038  0.33300 -1.0000  0.0000  0.0000 
O8    0.50045  0.50038  0.83300 -1.0000  0.0000  0.0000 
O5    0.50045  0.00038  0.33300  1.0000  0.0000  0.0000 
O7    0.50045  0.00038  0.83300  1.0000  0.0000  0.0000 
O20   0.50045  0.50038  0.66846  1.0000  0.0000  0.0000 
O18   0.50045  0.50038  0.16846  1.0000  0.0000  0.0000 
O19   0.50045  0.00038  0.66846 -1.0000  0.0000  0.0000 
O17   0.50045  0.00038  0.16846 -1.0000  0.0000  0.0000 

P4/mmm[0,1/2,0]X4+(a;0)[O3:g:dsp]E(a) normfactor =  0.09236
O26   0.00046  0.50038  0.43574  1.0000  0.0000  0.0000 
O28   0.00046  0.50038  0.93574  1.0000  0.0000  0.0000 
O25   0.00046  0.00038  0.43574 -1.0000  0.0000  0.0000 
O27   0.00046  0.00038  0.93574 -1.0000  0.0000  0.0000 
O24   0.00046  0.50038  0.56572 -1.0000  0.0000  0.0000 
O22   0.00046  0.50038  0.06572 -1.0000  0.0000  0.0000 
O23   0.00046  0.00038  0.56572  1.0000  0.0000  0.0000 
O21   0.00046  0.00038  0.06572  1.0000  0.0000  0.0000 

P4/mmm[0,1/2,0]X1-(a;0)[O2:i:dsp]B1(a) normfactor =  0.09236
O16   0.00046  0.75038  0.66846  1.0000  0.0000  0.0000 
O14   0.00046  0.75038  0.16846  1.0000  0.0000  0.0000 
O15   0.00046  0.25039  0.66846 -1.0000  0.0000  0.0000 
O13   0.00046  0.25039  0.16846 -1.0000  0.0000  0.0000 
O9    0.00046  0.25039  0.33300  1.0000  0.0000  0.0000 
O11   0.00046  0.25039  0.83300  1.0000  0.0000  0.0000 
O10   0.00046  0.75038  0.33300 -1.0000  0.0000  0.0000 
O12   0.00046  0.75038  0.83300 -1.0000  0.0000  0.0000 
O6    0.50045  0.50038  0.33300  0.0000  0.0000  0.0000 
O8    0.50045  0.50038  0.83300  0.0000  0.0000  0.0000 
O5    0.50045  0.00038  0.33300  0.0000  0.0000  0.0000 
O7    0.50045  0.00038  0.83300  0.0000  0.0000  0.0000 
O20   0.50045  0.50038  0.66846  0.0000  0.0000  0.0000 
O18   0.50045  0.50038  0.16846  0.0000  0.0000  0.0000 
O19   0.50045  0.00038  0.66846  0.0000  0.0000  0.0000 
O17   0.50045  0.00038  0.16846  0.0000  0.0000  0.0000 

P4/mmm[0,1/2,0]X2-(a;0)[Nb1:g:dsp]A1(a) normfactor =  0.01615
Nb6   0.00046  0.50038  0.35396  0.0000  0.0000  1.0000 
Nb8   0.00046  0.50038  0.85396  0.0000  0.0000  1.0000 
Nb5   0.00046  0.00038  0.35396  0.0000  0.0000 -1.0000 
Nb7   0.00046  0.00038  0.85396  0.0000  0.0000 -1.0000 
Nb4   0.00046  0.50038  0.64750  0.0000  0.0000  1.0000 
Nb2   0.00046  0.50038  0.14750  0.0000  0.0000  1.0000 
Nb3   0.00046  0.00038  0.64750  0.0000  0.0000 -1.0000 
Nb1   0.00046  0.00038  0.14750  0.0000  0.0000 -1.0000 

P4/mmm[0,1/2,0]X2-(a;0)[O1:b:dsp]A2u(a) normfactor =  0.02284
O4    0.00046  0.50038  0.75073  0.0000  0.0000  1.0000 
O2    0.00046  0.50038  0.25073  0.0000  0.0000  1.0000 
O3    0.00046  0.00038  0.75073  0.0000  0.0000 -1.0000 
O1    0.00046  0.00038  0.25073  0.0000  0.0000 -1.0000 

P4/mmm[0,1/2,0]X2-(a;0)[O2:i:dsp]A1(a) normfactor =  0.01615
O16   0.00046  0.75038  0.66846  0.0000  0.0000  0.0000 
O14   0.00046  0.75038  0.16846  0.0000  0.0000  0.0000 
O15   0.00046  0.25039  0.66846  0.0000  0.0000  0.0000 
O13   0.00046  0.25039  0.16846  0.0000  0.0000  0.0000 
O9    0.00046  0.25039  0.33300  0.0000  0.0000  0.0000 
O11   0.00046  0.25039  0.83300  0.0000  0.0000  0.0000 
O10   0.00046  0.75038  0.33300  0.0000  0.0000  0.0000 
O12   0.00046  0.75038  0.83300  0.0000  0.0000  0.0000 
O6    0.50045  0.50038  0.33300  0.0000  0.0000 -1.0000 
O8    0.50045  0.50038  0.83300  0.0000  0.0000 -1.0000 
O5    0.50045  0.00038  0.33300  0.0000  0.0000  1.0000 
O7    0.50045  0.00038  0.83300  0.0000  0.0000  1.0000 
O20   0.50045  0.50038  0.66846  0.0000  0.0000 -1.0000 
O18   0.50045  0.50038  0.16846  0.0000  0.0000 -1.0000 
O19   0.50045  0.00038  0.66846  0.0000  0.0000  1.0000 
O17   0.50045  0.00038  0.16846  0.0000  0.0000  1.0000 

P4/mmm[0,1/2,0]X2-(a;0)[O2:i:dsp]B2(a) normfactor =  0.04618
O16   0.00046  0.75038  0.66846  0.0000  1.0000  0.0000 
O14   0.00046  0.75038  0.16846  0.0000  1.0000  0.0000 
O15   0.00046  0.25039  0.66846  0.0000 -1.0000  0.0000 
O13   0.00046  0.25039  0.16846  0.0000 -1.0000  0.0000 
O9    0.00046  0.25039  0.33300  0.0000  1.0000  0.0000 
O11   0.00046  0.25039  0.83300  0.0000  1.0000  0.0000 
O10   0.00046  0.75038  0.33300  0.0000 -1.0000  0.0000 
O12   0.00046  0.75038  0.83300  0.0000 -1.0000  0.0000 
O6    0.50045  0.50038  0.33300  0.0000  0.0000  0.0000 
O8    0.50045  0.50038  0.83300  0.0000  0.0000  0.0000 
O5    0.50045  0.00038  0.33300  0.0000  0.0000  0.0000 
O7    0.50045  0.00038  0.83300  0.0000  0.0000  0.0000 
O20   0.50045  0.50038  0.66846  0.0000  0.0000  0.0000 
O18   0.50045  0.50038  0.16846  0.0000  0.0000  0.0000 
O19   0.50045  0.00038  0.66846  0.0000  0.0000  0.0000 
O17   0.50045  0.00038  0.16846  0.0000  0.0000  0.0000 

P4/mmm[0,1/2,0]X2-(a;0)[O3:g:dsp]A1(a) normfactor =  0.01615
O26   0.00046  0.50038  0.43574  0.0000  0.0000  1.0000 
O28   0.00046  0.50038  0.93574  0.0000  0.0000  1.0000 
O25   0.00046  0.00038  0.43574  0.0000  0.0000 -1.0000 
O27   0.00046  0.00038  0.93574  0.0000  0.0000 -1.0000 
O24   0.00046  0.50038  0.56572  0.0000  0.0000  1.0000 
O22   0.00046  0.50038  0.06572  0.0000  0.0000  1.0000 
O23   0.00046  0.00038  0.56572  0.0000  0.0000 -1.0000 
O21   0.00046  0.00038  0.06572  0.0000  0.0000 -1.0000 

P4/mmm[0,1/2,0]X3-(a;0)[Nb1:g:dsp]E(a) normfactor =  0.09236
Nb6   0.00046  0.50038  0.35396  1.0000  0.0000  0.0000 
Nb8   0.00046  0.50038  0.85396  1.0000  0.0000  0.0000 
Nb5   0.00046  0.00038  0.35396 -1.0000  0.0000  0.0000 
Nb7   0.00046  0.00038  0.85396 -1.0000  0.0000  0.0000 
Nb4   0.00046  0.50038  0.64750  1.0000  0.0000  0.0000 
Nb2   0.00046  0.50038  0.14750  1.0000  0.0000  0.0000 
Nb3   0.00046  0.00038  0.64750 -1.0000  0.0000  0.0000 
Nb1   0.00046  0.00038  0.14750 -1.0000  0.0000  0.0000 

P4/mmm[0,1/2,0]X3-(a;0)[O1:b:dsp]Eu(a) normfactor =  0.13061
O4    0.00046  0.50038  0.75073  1.0000  0.0000  0.0000 
O2    0.00046  0.50038  0.25073  1.0000  0.0000  0.0000 
O3    0.00046  0.00038  0.75073 -1.0000  0.0000  0.0000 
O1    0.00046  0.00038  0.25073 -1.0000  0.0000  0.0000 

P4/mmm[0,1/2,0]X3-(a;0)[O2:i:dsp]B2(a) normfactor =  0.09236
O16   0.00046  0.75038  0.66846  0.0000  0.0000  0.0000 
O14   0.00046  0.75038  0.16846  0.0000  0.0000  0.0000 
O15   0.00046  0.25039  0.66846  0.0000  0.0000  0.0000 
O13   0.00046  0.25039  0.16846  0.0000  0.0000  0.0000 
O9    0.00046  0.25039  0.33300  0.0000  0.0000  0.0000 
O11   0.00046  0.25039  0.83300  0.0000  0.0000  0.0000 
O10   0.00046  0.75038  0.33300  0.0000  0.0000  0.0000 
O12   0.00046  0.75038  0.83300  0.0000  0.0000  0.0000 
O6    0.50045  0.50038  0.33300 -1.0000  0.0000  0.0000 
O8    0.50045  0.50038  0.83300 -1.0000  0.0000  0.0000 
O5    0.50045  0.00038  0.33300  1.0000  0.0000  0.0000 
O7    0.50045  0.00038  0.83300  1.0000  0.0000  0.0000 
O20   0.50045  0.50038  0.66846 -1.0000  0.0000  0.0000 
O18   0.50045  0.50038  0.16846 -1.0000  0.0000  0.0000 
O19   0.50045  0.00038  0.66846  1.0000  0.0000  0.0000 
O17   0.50045  0.00038  0.16846  1.0000  0.0000  0.0000 

P4/mmm[0,1/2,0]X3-(a;0)[O3:g:dsp]E(a) normfactor =  0.09236
O26   0.00046  0.50038  0.43574  1.0000  0.0000  0.0000 
O28   0.00046  0.50038  0.93574  1.0000  0.0000  0.0000 
O25   0.00046  0.00038  0.43574 -1.0000  0.0000  0.0000 
O27   0.00046  0.00038  0.93574 -1.0000  0.0000  0.0000 
O24   0.00046  0.50038  0.56572  1.0000  0.0000  0.0000 
O22   0.00046  0.50038  0.06572  1.0000  0.0000  0.0000 
O23   0.00046  0.00038  0.56572 -1.0000  0.0000  0.0000 
O21   0.00046  0.00038  0.06572 -1.0000  0.0000  0.0000 

P4/mmm[0,1/2,0]X4-(a;0)[Nb1:g:dsp]E(a) normfactor =  0.04618
Nb6   0.00046  0.50038  0.35396  0.0000 -1.0000  0.0000 
Nb8   0.00046  0.50038  0.85396  0.0000 -1.0000  0.0000 
Nb5   0.00046  0.00038  0.35396  0.0000  1.0000  0.0000 
Nb7   0.00046  0.00038  0.85396  0.0000  1.0000  0.0000 
Nb4   0.00046  0.50038  0.64750  0.0000 -1.0000  0.0000 
Nb2   0.00046  0.50038  0.14750  0.0000 -1.0000  0.0000 
Nb3   0.00046  0.00038  0.64750  0.0000  1.0000  0.0000 
Nb1   0.00046  0.00038  0.14750  0.0000  1.0000  0.0000 

P4/mmm[0,1/2,0]X4-(a;0)[O1:b:dsp]Eu(a) normfactor =  0.06531
O4    0.00046  0.50038  0.75073  0.0000 -1.0000  0.0000 
O2    0.00046  0.50038  0.25073  0.0000 -1.0000  0.0000 
O3    0.00046  0.00038  0.75073  0.0000  1.0000  0.0000 
O1    0.00046  0.00038  0.25073  0.0000  1.0000  0.0000 

P4/mmm[0,1/2,0]X4-(a;0)[O2:i:dsp]A1(a) normfactor =  0.01615
O16   0.00046  0.75038  0.66846  0.0000  0.0000  1.0000 
O14   0.00046  0.75038  0.16846  0.0000  0.0000  1.0000 
O15   0.00046  0.25039  0.66846  0.0000  0.0000 -1.0000 
O13   0.00046  0.25039  0.16846  0.0000  0.0000 -1.0000 
O9    0.00046  0.25039  0.33300  0.0000  0.0000  1.0000 
O11   0.00046  0.25039  0.83300  0.0000  0.0000  1.0000 
O10   0.00046  0.75038  0.33300  0.0000  0.0000 -1.0000 
O12   0.00046  0.75038  0.83300  0.0000  0.0000 -1.0000 
O6    0.50045  0.50038  0.33300  0.0000  0.0000  0.0000 
O8    0.50045  0.50038  0.83300  0.0000  0.0000  0.0000 
O5    0.50045  0.00038  0.33300  0.0000  0.0000  0.0000 
O7    0.50045  0.00038  0.83300  0.0000  0.0000  0.0000 
O20   0.50045  0.50038  0.66846  0.0000  0.0000  0.0000 
O18   0.50045  0.50038  0.16846  0.0000  0.0000  0.0000 
O19   0.50045  0.00038  0.66846  0.0000  0.0000  0.0000 
O17   0.50045  0.00038  0.16846  0.0000  0.0000  0.0000 

P4/mmm[0,1/2,0]X4-(a;0)[O2:i:dsp]B1(a) normfactor =  0.04618
O16   0.00046  0.75038  0.66846  0.0000  0.0000  0.0000 
O14   0.00046  0.75038  0.16846  0.0000  0.0000  0.0000 
O15   0.00046  0.25039  0.66846  0.0000  0.0000  0.0000 
O13   0.00046  0.25039  0.16846  0.0000  0.0000  0.0000 
O9    0.00046  0.25039  0.33300  0.0000  0.0000  0.0000 
O11   0.00046  0.25039  0.83300  0.0000  0.0000  0.0000 
O10   0.00046  0.75038  0.33300  0.0000  0.0000  0.0000 
O12   0.00046  0.75038  0.83300  0.0000  0.0000  0.0000 
O6    0.50045  0.50038  0.33300  0.0000 -1.0000  0.0000 
O8    0.50045  0.50038  0.83300  0.0000 -1.0000  0.0000 
O5    0.50045  0.00038  0.33300  0.0000  1.0000  0.0000 
O7    0.50045  0.00038  0.83300  0.0000  1.0000  0.0000 
O20   0.50045  0.50038  0.66846  0.0000 -1.0000  0.0000 
O18   0.50045  0.50038  0.16846  0.0000 -1.0000  0.0000 
O19   0.50045  0.00038  0.66846  0.0000  1.0000  0.0000 
O17   0.50045  0.00038  0.16846  0.0000  1.0000  0.0000 

P4/mmm[0,1/2,0]X4-(a;0)[O3:g:dsp]E(a) normfactor =  0.04618
O26   0.00046  0.50038  0.43574  0.0000 -1.0000  0.0000 
O28   0.00046  0.50038  0.93574  0.0000 -1.0000  0.0000 
O25   0.00046  0.00038  0.43574  0.0000  1.0000  0.0000 
O27   0.00046  0.00038  0.93574  0.0000  1.0000  0.0000 
O24   0.00046  0.50038  0.56572  0.0000 -1.0000  0.0000 
O22   0.00046  0.50038  0.06572  0.0000 -1.0000  0.0000 
O23   0.00046  0.00038  0.56572  0.0000  1.0000  0.0000 
O21   0.00046  0.00038  0.06572  0.0000  1.0000  0.0000 

P4/mmm[0,1/2,1/2]R1+(a;0)[Na1:c:dsp]Eu(a) normfactor =  0.06531
Na4   0.50045  0.75038  0.50073  0.0000  1.0000  0.0000 
Na2   0.50045  0.75038  0.00073  0.0000 -1.0000  0.0000 
Na3   0.50045  0.25039  0.50073  0.0000 -1.0000  0.0000 
Na1   0.50045  0.25039  0.00073  0.0000  1.0000  0.0000 

P4/mmm[0,1/2,1/2]R1+(a;0)[Nb1:g:dsp]A1(a) normfactor =  0.01615
Nb6   0.00046  0.50038  0.35396  0.0000  0.0000  1.0000 
Nb8   0.00046  0.50038  0.85396  0.0000  0.0000 -1.0000 
Nb5   0.00046  0.00038  0.35396  0.0000  0.0000 -1.0000 
Nb7   0.00046  0.00038  0.85396  0.0000  0.0000  1.0000 
Nb4   0.00046  0.50038  0.64750  0.0000  0.0000 -1.0000 
Nb2   0.00046  0.50038  0.14750  0.0000  0.0000  1.0000 
Nb3   0.00046  0.00038  0.64750  0.0000  0.0000  1.0000 
Nb1   0.00046  0.00038  0.14750  0.0000  0.0000 -1.0000 

P4/mmm[0,1/2,1/2]R1+(a;0)[O1:b:dsp]A2u(a) normfactor =  0.02284
O4    0.00046  0.50038  0.75073  0.0000  0.0000  1.0000 
O2    0.00046  0.50038  0.25073  0.0000  0.0000 -1.0000 
O3    0.00046  0.00038  0.75073  0.0000  0.0000 -1.0000 
O1    0.00046  0.00038  0.25073  0.0000  0.0000  1.0000 

P4/mmm[0,1/2,1/2]R1+(a;0)[O2:i:dsp]A1(a) normfactor =  0.01615
O16   0.00046  0.75038  0.66846  0.0000  0.0000  0.0000 
O14   0.00046  0.75038  0.16846  0.0000  0.0000  0.0000 
O15   0.00046  0.25039  0.66846  0.0000  0.0000  0.0000 
O13   0.00046  0.25039  0.16846  0.0000  0.0000  0.0000 
O9    0.00046  0.25039  0.33300  0.0000  0.0000  0.0000 
O11   0.00046  0.25039  0.83300  0.0000  0.0000  0.0000 
O10   0.00046  0.75038  0.33300  0.0000  0.0000  0.0000 
O12   0.00046  0.75038  0.83300  0.0000  0.0000  0.0000 
O6    0.50045  0.50038  0.33300  0.0000  0.0000 -1.0000 
O8    0.50045  0.50038  0.83300  0.0000  0.0000  1.0000 
O5    0.50045  0.00038  0.33300  0.0000  0.0000  1.0000 
O7    0.50045  0.00038  0.83300  0.0000  0.0000 -1.0000 
O20   0.50045  0.50038  0.66846  0.0000  0.0000  1.0000 
O18   0.50045  0.50038  0.16846  0.0000  0.0000 -1.0000 
O19   0.50045  0.00038  0.66846  0.0000  0.0000 -1.0000 
O17   0.50045  0.00038  0.16846  0.0000  0.0000  1.0000 

P4/mmm[0,1/2,1/2]R1+(a;0)[O2:i:dsp]B2(a) normfactor =  0.04618
O16   0.00046  0.75038  0.66846  0.0000  1.0000  0.0000 
O14   0.00046  0.75038  0.16846  0.0000 -1.0000  0.0000 
O15   0.00046  0.25039  0.66846  0.0000 -1.0000  0.0000 
O13   0.00046  0.25039  0.16846  0.0000  1.0000  0.0000 
O9    0.00046  0.25039  0.33300  0.0000 -1.0000  0.0000 
O11   0.00046  0.25039  0.83300  0.0000  1.0000  0.0000 
O10   0.00046  0.75038  0.33300  0.0000  1.0000  0.0000 
O12   0.00046  0.75038  0.83300  0.0000 -1.0000  0.0000 
O6    0.50045  0.50038  0.33300  0.0000  0.0000  0.0000 
O8    0.50045  0.50038  0.83300  0.0000  0.0000  0.0000 
O5    0.50045  0.00038  0.33300  0.0000  0.0000  0.0000 
O7    0.50045  0.00038  0.83300  0.0000  0.0000  0.0000 
O20   0.50045  0.50038  0.66846  0.0000  0.0000  0.0000 
O18   0.50045  0.50038  0.16846  0.0000  0.0000  0.0000 
O19   0.50045  0.00038  0.66846  0.0000  0.0000  0.0000 
O17   0.50045  0.00038  0.16846  0.0000  0.0000  0.0000 

P4/mmm[0,1/2,1/2]R1+(a;0)[O3:g:dsp]A1(a) normfactor =  0.01615
O26   0.00046  0.50038  0.43574  0.0000  0.0000  1.0000 
O28   0.00046  0.50038  0.93574  0.0000  0.0000 -1.0000 
O25   0.00046  0.00038  0.43574  0.0000  0.0000 -1.0000 
O27   0.00046  0.00038  0.93574  0.0000  0.0000  1.0000 
O24   0.00046  0.50038  0.56572  0.0000  0.0000 -1.0000 
O22   0.00046  0.50038  0.06572  0.0000  0.0000  1.0000 
O23   0.00046  0.00038  0.56572  0.0000  0.0000  1.0000 
O21   0.00046  0.00038  0.06572  0.0000  0.0000 -1.0000 

P4/mmm[0,1/2,1/2]R2+(a;0)[Na1:c:dsp]Eu(a) normfactor =  0.13061
Na4   0.50045  0.75038  0.50073  1.0000  0.0000  0.0000 
Na2   0.50045  0.75038  0.00073 -1.0000  0.0000  0.0000 
Na3   0.50045  0.25039  0.50073 -1.0000  0.0000  0.0000 
Na1   0.50045  0.25039  0.00073  1.0000  0.0000  0.0000 

P4/mmm[0,1/2,1/2]R2+(a;0)[O2:i:dsp]B1(a) normfactor =  0.09236
O16   0.00046  0.75038  0.66846  1.0000  0.0000  0.0000 
O14   0.00046  0.75038  0.16846 -1.0000  0.0000  0.0000 
O15   0.00046  0.25039  0.66846 -1.0000  0.0000  0.0000 
O13   0.00046  0.25039  0.16846  1.0000  0.0000  0.0000 
O9    0.00046  0.25039  0.33300 -1.0000  0.0000  0.0000 
O11   0.00046  0.25039  0.83300  1.0000  0.0000  0.0000 
O10   0.00046  0.75038  0.33300  1.0000  0.0000  0.0000 
O12   0.00046  0.75038  0.83300 -1.0000  0.0000  0.0000 
O6    0.50045  0.50038  0.33300  0.0000  0.0000  0.0000 
O8    0.50045  0.50038  0.83300  0.0000  0.0000  0.0000 
O5    0.50045  0.00038  0.33300  0.0000  0.0000  0.0000 
O7    0.50045  0.00038  0.83300  0.0000  0.0000  0.0000 
O20   0.50045  0.50038  0.66846  0.0000  0.0000  0.0000 
O18   0.50045  0.50038  0.16846  0.0000  0.0000  0.0000 
O19   0.50045  0.00038  0.66846  0.0000  0.0000  0.0000 
O17   0.50045  0.00038  0.16846  0.0000  0.0000  0.0000 

P4/mmm[0,1/2,1/2]R3+(a;0)[Na1:c:dsp]A2u(a) normfactor =  0.02284
Na4   0.50045  0.75038  0.50073  0.0000  0.0000  1.0000 
Na2   0.50045  0.75038  0.00073  0.0000  0.0000 -1.0000 
Na3   0.50045  0.25039  0.50073  0.0000  0.0000 -1.0000 
Na1   0.50045  0.25039  0.00073  0.0000  0.0000  1.0000 

P4/mmm[0,1/2,1/2]R3+(a;0)[Nb1:g:dsp]E(a) normfactor =  0.04618
Nb6   0.00046  0.50038  0.35396  0.0000  1.0000  0.0000 
Nb8   0.00046  0.50038  0.85396  0.0000 -1.0000  0.0000 
Nb5   0.00046  0.00038  0.35396  0.0000 -1.0000  0.0000 
Nb7   0.00046  0.00038  0.85396  0.0000  1.0000  0.0000 
Nb4   0.00046  0.50038  0.64750  0.0000 -1.0000  0.0000 
Nb2   0.00046  0.50038  0.14750  0.0000  1.0000  0.0000 
Nb3   0.00046  0.00038  0.64750  0.0000  1.0000  0.0000 
Nb1   0.00046  0.00038  0.14750  0.0000 -1.0000  0.0000 

P4/mmm[0,1/2,1/2]R3+(a;0)[O1:b:dsp]Eu(a) normfactor =  0.06531
O4    0.00046  0.50038  0.75073  0.0000  1.0000  0.0000 
O2    0.00046  0.50038  0.25073  0.0000 -1.0000  0.0000 
O3    0.00046  0.00038  0.75073  0.0000 -1.0000  0.0000 
O1    0.00046  0.00038  0.25073  0.0000  1.0000  0.0000 

P4/mmm[0,1/2,1/2]R3+(a;0)[O2:i:dsp]A1(a) normfactor =  0.01615
O16   0.00046  0.75038  0.66846  0.0000  0.0000  1.0000 
O14   0.00046  0.75038  0.16846  0.0000  0.0000 -1.0000 
O15   0.00046  0.25039  0.66846  0.0000  0.0000 -1.0000 
O13   0.00046  0.25039  0.16846  0.0000  0.0000  1.0000 
O9    0.00046  0.25039  0.33300  0.0000  0.0000 -1.0000 
O11   0.00046  0.25039  0.83300  0.0000  0.0000  1.0000 
O10   0.00046  0.75038  0.33300  0.0000  0.0000  1.0000 
O12   0.00046  0.75038  0.83300  0.0000  0.0000 -1.0000 
O6    0.50045  0.50038  0.33300  0.0000  0.0000  0.0000 
O8    0.50045  0.50038  0.83300  0.0000  0.0000  0.0000 
O5    0.50045  0.00038  0.33300  0.0000  0.0000  0.0000 
O7    0.50045  0.00038  0.83300  0.0000  0.0000  0.0000 
O20   0.50045  0.50038  0.66846  0.0000  0.0000  0.0000 
O18   0.50045  0.50038  0.16846  0.0000  0.0000  0.0000 
O19   0.50045  0.00038  0.66846  0.0000  0.0000  0.0000 
O17   0.50045  0.00038  0.16846  0.0000  0.0000  0.0000 

P4/mmm[0,1/2,1/2]R3+(a;0)[O2:i:dsp]B1(a) normfactor =  0.04618
O16   0.00046  0.75038  0.66846  0.0000  0.0000  0.0000 
O14   0.00046  0.75038  0.16846  0.0000  0.0000  0.0000 
O15   0.00046  0.25039  0.66846  0.0000  0.0000  0.0000 
O13   0.00046  0.25039  0.16846  0.0000  0.0000  0.0000 
O9    0.00046  0.25039  0.33300  0.0000  0.0000  0.0000 
O11   0.00046  0.25039  0.83300  0.0000  0.0000  0.0000 
O10   0.00046  0.75038  0.33300  0.0000  0.0000  0.0000 
O12   0.00046  0.75038  0.83300  0.0000  0.0000  0.0000 
O6    0.50045  0.50038  0.33300  0.0000 -1.0000  0.0000 
O8    0.50045  0.50038  0.83300  0.0000  1.0000  0.0000 
O5    0.50045  0.00038  0.33300  0.0000  1.0000  0.0000 
O7    0.50045  0.00038  0.83300  0.0000 -1.0000  0.0000 
O20   0.50045  0.50038  0.66846  0.0000  1.0000  0.0000 
O18   0.50045  0.50038  0.16846  0.0000 -1.0000  0.0000 
O19   0.50045  0.00038  0.66846  0.0000 -1.0000  0.0000 
O17   0.50045  0.00038  0.16846  0.0000  1.0000  0.0000 

P4/mmm[0,1/2,1/2]R3+(a;0)[O3:g:dsp]E(a) normfactor =  0.04618
O26   0.00046  0.50038  0.43574  0.0000  1.0000  0.0000 
O28   0.00046  0.50038  0.93574  0.0000 -1.0000  0.0000 
O25   0.00046  0.00038  0.43574  0.0000 -1.0000  0.0000 
O27   0.00046  0.00038  0.93574  0.0000  1.0000  0.0000 
O24   0.00046  0.50038  0.56572  0.0000 -1.0000  0.0000 
O22   0.00046  0.50038  0.06572  0.0000  1.0000  0.0000 
O23   0.00046  0.00038  0.56572  0.0000  1.0000  0.0000 
O21   0.00046  0.00038  0.06572  0.0000 -1.0000  0.0000 

P4/mmm[0,1/2,1/2]R4+(a;0)[Nb1:g:dsp]E(a) normfactor =  0.09236
Nb6   0.00046  0.50038  0.35396  1.0000  0.0000  0.0000 
Nb8   0.00046  0.50038  0.85396 -1.0000  0.0000  0.0000 
Nb5   0.00046  0.00038  0.35396 -1.0000  0.0000  0.0000 
Nb7   0.00046  0.00038  0.85396  1.0000  0.0000  0.0000 
Nb4   0.00046  0.50038  0.64750 -1.0000  0.0000  0.0000 
Nb2   0.00046  0.50038  0.14750  1.0000  0.0000  0.0000 
Nb3   0.00046  0.00038  0.64750  1.0000  0.0000  0.0000 
Nb1   0.00046  0.00038  0.14750 -1.0000  0.0000  0.0000 

P4/mmm[0,1/2,1/2]R4+(a;0)[O1:b:dsp]Eu(a) normfactor =  0.13061
O4    0.00046  0.50038  0.75073  1.0000  0.0000  0.0000 
O2    0.00046  0.50038  0.25073 -1.0000  0.0000  0.0000 
O3    0.00046  0.00038  0.75073 -1.0000  0.0000  0.0000 
O1    0.00046  0.00038  0.25073  1.0000  0.0000  0.0000 

P4/mmm[0,1/2,1/2]R4+(a;0)[O2:i:dsp]B2(a) normfactor =  0.09236
O16   0.00046  0.75038  0.66846  0.0000  0.0000  0.0000 
O14   0.00046  0.75038  0.16846  0.0000  0.0000  0.0000 
O15   0.00046  0.25039  0.66846  0.0000  0.0000  0.0000 
O13   0.00046  0.25039  0.16846  0.0000  0.0000  0.0000 
O9    0.00046  0.25039  0.33300  0.0000  0.0000  0.0000 
O11   0.00046  0.25039  0.83300  0.0000  0.0000  0.0000 
O10   0.00046  0.75038  0.33300  0.0000  0.0000  0.0000 
O12   0.00046  0.75038  0.83300  0.0000  0.0000  0.0000 
O6    0.50045  0.50038  0.33300 -1.0000  0.0000  0.0000 
O8    0.50045  0.50038  0.83300  1.0000  0.0000  0.0000 
O5    0.50045  0.00038  0.33300  1.0000  0.0000  0.0000 
O7    0.50045  0.00038  0.83300 -1.0000  0.0000  0.0000 
O20   0.50045  0.50038  0.66846  1.0000  0.0000  0.0000 
O18   0.50045  0.50038  0.16846 -1.0000  0.0000  0.0000 
O19   0.50045  0.00038  0.66846 -1.0000  0.0000  0.0000 
O17   0.50045  0.00038  0.16846  1.0000  0.0000  0.0000 

P4/mmm[0,1/2,1/2]R4+(a;0)[O3:g:dsp]E(a) normfactor =  0.09236
O26   0.00046  0.50038  0.43574  1.0000  0.0000  0.0000 
O28   0.00046  0.50038  0.93574 -1.0000  0.0000  0.0000 
O25   0.00046  0.00038  0.43574 -1.0000  0.0000  0.0000 
O27   0.00046  0.00038  0.93574  1.0000  0.0000  0.0000 
O24   0.00046  0.50038  0.56572 -1.0000  0.0000  0.0000 
O22   0.00046  0.50038  0.06572  1.0000  0.0000  0.0000 
O23   0.00046  0.00038  0.56572  1.0000  0.0000  0.0000 
O21   0.00046  0.00038  0.06572 -1.0000  0.0000  0.0000 

P4/mmm[0,1/2,1/2]R1-(a;0)[Nd1:d:dsp]Eu(a) normfactor =  0.13061
Nd4   0.50045  0.75038  0.75073  1.0000  0.0000  0.0000 
Nd2   0.50045  0.75038  0.25073 -1.0000  0.0000  0.0000 
Nd3   0.50045  0.25039  0.75073 -1.0000  0.0000  0.0000 
Nd1   0.50045  0.25039  0.25073  1.0000  0.0000  0.0000 

P4/mmm[0,1/2,1/2]R1-(a;0)[O2:i:dsp]B1(a) normfactor =  0.09236
O16   0.00046  0.75038  0.66846  1.0000  0.0000  0.0000 
O14   0.00046  0.75038  0.16846 -1.0000  0.0000  0.0000 
O15   0.00046  0.25039  0.66846 -1.0000  0.0000  0.0000 
O13   0.00046  0.25039  0.16846  1.0000  0.0000  0.0000 
O9    0.00046  0.25039  0.33300  1.0000  0.0000  0.0000 
O11   0.00046  0.25039  0.83300 -1.0000  0.0000  0.0000 
O10   0.00046  0.75038  0.33300 -1.0000  0.0000  0.0000 
O12   0.00046  0.75038  0.83300  1.0000  0.0000  0.0000 
O6    0.50045  0.50038  0.33300  0.0000  0.0000  0.0000 
O8    0.50045  0.50038  0.83300  0.0000  0.0000  0.0000 
O5    0.50045  0.00038  0.33300  0.0000  0.0000  0.0000 
O7    0.50045  0.00038  0.83300  0.0000  0.0000  0.0000 
O20   0.50045  0.50038  0.66846  0.0000  0.0000  0.0000 
O18   0.50045  0.50038  0.16846  0.0000  0.0000  0.0000 
O19   0.50045  0.00038  0.66846  0.0000  0.0000  0.0000 
O17   0.50045  0.00038  0.16846  0.0000  0.0000  0.0000 

P4/mmm[0,1/2,1/2]R2-(a;0)[Nd1:d:dsp]Eu(a) normfactor =  0.06531
Nd4   0.50045  0.75038  0.75073  0.0000 -1.0000  0.0000 
Nd2   0.50045  0.75038  0.25073  0.0000  1.0000  0.0000 
Nd3   0.50045  0.25039  0.75073  0.0000  1.0000  0.0000 
Nd1   0.50045  0.25039  0.25073  0.0000 -1.0000  0.0000 

P4/mmm[0,1/2,1/2]R2-(a;0)[Nb1:g:dsp]A1(a) normfactor =  0.01615
Nb6   0.00046  0.50038  0.35396  0.0000  0.0000  1.0000 
Nb8   0.00046  0.50038  0.85396  0.0000  0.0000 -1.0000 
Nb5   0.00046  0.00038  0.35396  0.0000  0.0000 -1.0000 
Nb7   0.00046  0.00038  0.85396  0.0000  0.0000  1.0000 
Nb4   0.00046  0.50038  0.64750  0.0000  0.0000  1.0000 
Nb2   0.00046  0.50038  0.14750  0.0000  0.0000 -1.0000 
Nb3   0.00046  0.00038  0.64750  0.0000  0.0000 -1.0000 
Nb1   0.00046  0.00038  0.14750  0.0000  0.0000  1.0000 

P4/mmm[0,1/2,1/2]R2-(a;0)[O2:i:dsp]A1(a) normfactor =  0.01615
O16   0.00046  0.75038  0.66846  0.0000  0.0000  0.0000 
O14   0.00046  0.75038  0.16846  0.0000  0.0000  0.0000 
O15   0.00046  0.25039  0.66846  0.0000  0.0000  0.0000 
O13   0.00046  0.25039  0.16846  0.0000  0.0000  0.0000 
O9    0.00046  0.25039  0.33300  0.0000  0.0000  0.0000 
O11   0.00046  0.25039  0.83300  0.0000  0.0000  0.0000 
O10   0.00046  0.75038  0.33300  0.0000  0.0000  0.0000 
O12   0.00046  0.75038  0.83300  0.0000  0.0000  0.0000 
O6    0.50045  0.50038  0.33300  0.0000  0.0000 -1.0000 
O8    0.50045  0.50038  0.83300  0.0000  0.0000  1.0000 
O5    0.50045  0.00038  0.33300  0.0000  0.0000  1.0000 
O7    0.50045  0.00038  0.83300  0.0000  0.0000 -1.0000 
O20   0.50045  0.50038  0.66846  0.0000  0.0000 -1.0000 
O18   0.50045  0.50038  0.16846  0.0000  0.0000  1.0000 
O19   0.50045  0.00038  0.66846  0.0000  0.0000  1.0000 
O17   0.50045  0.00038  0.16846  0.0000  0.0000 -1.0000 

P4/mmm[0,1/2,1/2]R2-(a;0)[O2:i:dsp]B2(a) normfactor =  0.04618
O16   0.00046  0.75038  0.66846  0.0000  1.0000  0.0000 
O14   0.00046  0.75038  0.16846  0.0000 -1.0000  0.0000 
O15   0.00046  0.25039  0.66846  0.0000 -1.0000  0.0000 
O13   0.00046  0.25039  0.16846  0.0000  1.0000  0.0000 
O9    0.00046  0.25039  0.33300  0.0000  1.0000  0.0000 
O11   0.00046  0.25039  0.83300  0.0000 -1.0000  0.0000 
O10   0.00046  0.75038  0.33300  0.0000 -1.0000  0.0000 
O12   0.00046  0.75038  0.83300  0.0000  1.0000  0.0000 
O6    0.50045  0.50038  0.33300  0.0000  0.0000  0.0000 
O8    0.50045  0.50038  0.83300  0.0000  0.0000  0.0000 
O5    0.50045  0.00038  0.33300  0.0000  0.0000  0.0000 
O7    0.50045  0.00038  0.83300  0.0000  0.0000  0.0000 
O20   0.50045  0.50038  0.66846  0.0000  0.0000  0.0000 
O18   0.50045  0.50038  0.16846  0.0000  0.0000  0.0000 
O19   0.50045  0.00038  0.66846  0.0000  0.0000  0.0000 
O17   0.50045  0.00038  0.16846  0.0000  0.0000  0.0000 

P4/mmm[0,1/2,1/2]R2-(a;0)[O3:g:dsp]A1(a) normfactor =  0.01615
O26   0.00046  0.50038  0.43574  0.0000  0.0000  1.0000 
O28   0.00046  0.50038  0.93574  0.0000  0.0000 -1.0000 
O25   0.00046  0.00038  0.43574  0.0000  0.0000 -1.0000 
O27   0.00046  0.00038  0.93574  0.0000  0.0000  1.0000 
O24   0.00046  0.50038  0.56572  0.0000  0.0000  1.0000 
O22   0.00046  0.50038  0.06572  0.0000  0.0000 -1.0000 
O23   0.00046  0.00038  0.56572  0.0000  0.0000 -1.0000 
O21   0.00046  0.00038  0.06572  0.0000  0.0000  1.0000 

P4/mmm[0,1/2,1/2]R3-(a;0)[Nb1:g:dsp]E(a) normfactor =  0.09236
Nb6   0.00046  0.50038  0.35396  1.0000  0.0000  0.0000 
Nb8   0.00046  0.50038  0.85396 -1.0000  0.0000  0.0000 
Nb5   0.00046  0.00038  0.35396 -1.0000  0.0000  0.0000 
Nb7   0.00046  0.00038  0.85396  1.0000  0.0000  0.0000 
Nb4   0.00046  0.50038  0.64750  1.0000  0.0000  0.0000 
Nb2   0.00046  0.50038  0.14750 -1.0000  0.0000  0.0000 
Nb3   0.00046  0.00038  0.64750 -1.0000  0.0000  0.0000 
Nb1   0.00046  0.00038  0.14750  1.0000  0.0000  0.0000 

P4/mmm[0,1/2,1/2]R3-(a;0)[O2:i:dsp]B2(a) normfactor =  0.09236
O16   0.00046  0.75038  0.66846  0.0000  0.0000  0.0000 
O14   0.00046  0.75038  0.16846  0.0000  0.0000  0.0000 
O15   0.00046  0.25039  0.66846  0.0000  0.0000  0.0000 
O13   0.00046  0.25039  0.16846  0.0000  0.0000  0.0000 
O9    0.00046  0.25039  0.33300  0.0000  0.0000  0.0000 
O11   0.00046  0.25039  0.83300  0.0000  0.0000  0.0000 
O10   0.00046  0.75038  0.33300  0.0000  0.0000  0.0000 
O12   0.00046  0.75038  0.83300  0.0000  0.0000  0.0000 
O6    0.50045  0.50038  0.33300 -1.0000  0.0000  0.0000 
O8    0.50045  0.50038  0.83300  1.0000  0.0000  0.0000 
O5    0.50045  0.00038  0.33300  1.0000  0.0000  0.0000 
O7    0.50045  0.00038  0.83300 -1.0000  0.0000  0.0000 
O20   0.50045  0.50038  0.66846 -1.0000  0.0000  0.0000 
O18   0.50045  0.50038  0.16846  1.0000  0.0000  0.0000 
O19   0.50045  0.00038  0.66846  1.0000  0.0000  0.0000 
O17   0.50045  0.00038  0.16846 -1.0000  0.0000  0.0000 

P4/mmm[0,1/2,1/2]R3-(a;0)[O3:g:dsp]E(a) normfactor =  0.09236
O26   0.00046  0.50038  0.43574  1.0000  0.0000  0.0000 
O28   0.00046  0.50038  0.93574 -1.0000  0.0000  0.0000 
O25   0.00046  0.00038  0.43574 -1.0000  0.0000  0.0000 
O27   0.00046  0.00038  0.93574  1.0000  0.0000  0.0000 
O24   0.00046  0.50038  0.56572  1.0000  0.0000  0.0000 
O22   0.00046  0.50038  0.06572 -1.0000  0.0000  0.0000 
O23   0.00046  0.00038  0.56572 -1.0000  0.0000  0.0000 
O21   0.00046  0.00038  0.06572  1.0000  0.0000  0.0000 

P4/mmm[0,1/2,1/2]R4-(a;0)[Nd1:d:dsp]A2u(a) normfactor =  0.02284
Nd4   0.50045  0.75038  0.75073  0.0000  0.0000  1.0000 
Nd2   0.50045  0.75038  0.25073  0.0000  0.0000 -1.0000 
Nd3   0.50045  0.25039  0.75073  0.0000  0.0000 -1.0000 
Nd1   0.50045  0.25039  0.25073  0.0000  0.0000  1.0000 

P4/mmm[0,1/2,1/2]R4-(a;0)[Nb1:g:dsp]E(a) normfactor =  0.04618
Nb6   0.00046  0.50038  0.35396  0.0000 -1.0000  0.0000 
Nb8   0.00046  0.50038  0.85396  0.0000  1.0000  0.0000 
Nb5   0.00046  0.00038  0.35396  0.0000  1.0000  0.0000 
Nb7   0.00046  0.00038  0.85396  0.0000 -1.0000  0.0000 
Nb4   0.00046  0.50038  0.64750  0.0000 -1.0000  0.0000 
Nb2   0.00046  0.50038  0.14750  0.0000  1.0000  0.0000 
Nb3   0.00046  0.00038  0.64750  0.0000  1.0000  0.0000 
Nb1   0.00046  0.00038  0.14750  0.0000 -1.0000  0.0000 

P4/mmm[0,1/2,1/2]R4-(a;0)[O2:i:dsp]A1(a) normfactor =  0.01615
O16   0.00046  0.75038  0.66846  0.0000  0.0000  1.0000 
O14   0.00046  0.75038  0.16846  0.0000  0.0000 -1.0000 
O15   0.00046  0.25039  0.66846  0.0000  0.0000 -1.0000 
O13   0.00046  0.25039  0.16846  0.0000  0.0000  1.0000 
O9    0.00046  0.25039  0.33300  0.0000  0.0000  1.0000 
O11   0.00046  0.25039  0.83300  0.0000  0.0000 -1.0000 
O10   0.00046  0.75038  0.33300  0.0000  0.0000 -1.0000 
O12   0.00046  0.75038  0.83300  0.0000  0.0000  1.0000 
O6    0.50045  0.50038  0.33300  0.0000  0.0000  0.0000 
O8    0.50045  0.50038  0.83300  0.0000  0.0000  0.0000 
O5    0.50045  0.00038  0.33300  0.0000  0.0000  0.0000 
O7    0.50045  0.00038  0.83300  0.0000  0.0000  0.0000 
O20   0.50045  0.50038  0.66846  0.0000  0.0000  0.0000 
O18   0.50045  0.50038  0.16846  0.0000  0.0000  0.0000 
O19   0.50045  0.00038  0.66846  0.0000  0.0000  0.0000 
O17   0.50045  0.00038  0.16846  0.0000  0.0000  0.0000 

P4/mmm[0,1/2,1/2]R4-(a;0)[O2:i:dsp]B1(a) normfactor =  0.04618
O16   0.00046  0.75038  0.66846  0.0000  0.0000  0.0000 
O14   0.00046  0.75038  0.16846  0.0000  0.0000  0.0000 
O15   0.00046  0.25039  0.66846  0.0000  0.0000  0.0000 
O13   0.00046  0.25039  0.16846  0.0000  0.0000  0.0000 
O9    0.00046  0.25039  0.33300  0.0000  0.0000  0.0000 
O11   0.00046  0.25039  0.83300  0.0000  0.0000  0.0000 
O10   0.00046  0.75038  0.33300  0.0000  0.0000  0.0000 
O12   0.00046  0.75038  0.83300  0.0000  0.0000  0.0000 
O6    0.50045  0.50038  0.33300  0.0000 -1.0000  0.0000 
O8    0.50045  0.50038  0.83300  0.0000  1.0000  0.0000 
O5    0.50045  0.00038  0.33300  0.0000  1.0000  0.0000 
O7    0.50045  0.00038  0.83300  0.0000 -1.0000  0.0000 
O20   0.50045  0.50038  0.66846  0.0000 -1.0000  0.0000 
O18   0.50045  0.50038  0.16846  0.0000  1.0000  0.0000 
O19   0.50045  0.00038  0.66846  0.0000  1.0000  0.0000 
O17   0.50045  0.00038  0.16846  0.0000 -1.0000  0.0000 

P4/mmm[0,1/2,1/2]R4-(a;0)[O3:g:dsp]E(a) normfactor =  0.04618
O26   0.00046  0.50038  0.43574  0.0000 -1.0000  0.0000 
O28   0.00046  0.50038  0.93574  0.0000  1.0000  0.0000 
O25   0.00046  0.00038  0.43574  0.0000  1.0000  0.0000 
O27   0.00046  0.00038  0.93574  0.0000 -1.0000  0.0000 
O24   0.00046  0.50038  0.56572  0.0000 -1.0000  0.0000 
O22   0.00046  0.50038  0.06572  0.0000  1.0000  0.0000 
O23   0.00046  0.00038  0.56572  0.0000  1.0000  0.0000 
O21   0.00046  0.00038  0.06572  0.0000 -1.0000  0.0000 

P4/mmm[0,0,1/2]Z1+(a)[Nd1:d:dsp]A2u(a) normfactor =  0.02284
Nd4   0.50045  0.75038  0.75073  0.0000  0.0000  1.0000 
Nd2   0.50045  0.75038  0.25073  0.0000  0.0000 -1.0000 
Nd3   0.50045  0.25039  0.75073  0.0000  0.0000  1.0000 
Nd1   0.50045  0.25039  0.25073  0.0000  0.0000 -1.0000 

P4/mmm[0,0,1/2]Z1+(a)[Nb1:g:dsp]A1(a) normfactor =  0.01615
Nb6   0.00046  0.50038  0.35396  0.0000  0.0000  1.0000 
Nb8   0.00046  0.50038  0.85396  0.0000  0.0000 -1.0000 
Nb5   0.00046  0.00038  0.35396  0.0000  0.0000  1.0000 
Nb7   0.00046  0.00038  0.85396  0.0000  0.0000 -1.0000 
Nb4   0.00046  0.50038  0.64750  0.0000  0.0000 -1.0000 
Nb2   0.00046  0.50038  0.14750  0.0000  0.0000  1.0000 
Nb3   0.00046  0.00038  0.64750  0.0000  0.0000 -1.0000 
Nb1   0.00046  0.00038  0.14750  0.0000  0.0000  1.0000 

P4/mmm[0,0,1/2]Z1+(a)[O1:b:dsp]A2u(a) normfactor =  0.02284
O4    0.00046  0.50038  0.75073  0.0000  0.0000  1.0000 
O2    0.00046  0.50038  0.25073  0.0000  0.0000 -1.0000 
O3    0.00046  0.00038  0.75073  0.0000  0.0000  1.0000 
O1    0.00046  0.00038  0.25073  0.0000  0.0000 -1.0000 

P4/mmm[0,0,1/2]Z1+(a)[O2:i:dsp]A1(a) normfactor =  0.01142
O16   0.00046  0.75038  0.66846  0.0000  0.0000  1.0000 
O14   0.00046  0.75038  0.16846  0.0000  0.0000 -1.0000 
O15   0.00046  0.25039  0.66846  0.0000  0.0000  1.0000 
O13   0.00046  0.25039  0.16846  0.0000  0.0000 -1.0000 
O9    0.00046  0.25039  0.33300  0.0000  0.0000 -1.0000 
O11   0.00046  0.25039  0.83300  0.0000  0.0000  1.0000 
O10   0.00046  0.75038  0.33300  0.0000  0.0000 -1.0000 
O12   0.00046  0.75038  0.83300  0.0000  0.0000  1.0000 
O6    0.50045  0.50038  0.33300  0.0000  0.0000 -1.0000 
O8    0.50045  0.50038  0.83300  0.0000  0.0000  1.0000 
O5    0.50045  0.00038  0.33300  0.0000  0.0000 -1.0000 
O7    0.50045  0.00038  0.83300  0.0000  0.0000  1.0000 
O20   0.50045  0.50038  0.66846  0.0000  0.0000  1.0000 
O18   0.50045  0.50038  0.16846  0.0000  0.0000 -1.0000 
O19   0.50045  0.00038  0.66846  0.0000  0.0000  1.0000 
O17   0.50045  0.00038  0.16846  0.0000  0.0000 -1.0000 

P4/mmm[0,0,1/2]Z1+(a)[O3:g:dsp]A1(a) normfactor =  0.01615
O26   0.00046  0.50038  0.43574  0.0000  0.0000  1.0000 
O28   0.00046  0.50038  0.93574  0.0000  0.0000 -1.0000 
O25   0.00046  0.00038  0.43574  0.0000  0.0000  1.0000 
O27   0.00046  0.00038  0.93574  0.0000  0.0000 -1.0000 
O24   0.00046  0.50038  0.56572  0.0000  0.0000 -1.0000 
O22   0.00046  0.50038  0.06572  0.0000  0.0000  1.0000 
O23   0.00046  0.00038  0.56572  0.0000  0.0000 -1.0000 
O21   0.00046  0.00038  0.06572  0.0000  0.0000  1.0000 

P4/mmm[0,0,1/2]Z2+(a)[O2:i:dsp]A1(a) normfactor =  0.01142
O16   0.00046  0.75038  0.66846  0.0000  0.0000  1.0000 
O14   0.00046  0.75038  0.16846  0.0000  0.0000 -1.0000 
O15   0.00046  0.25039  0.66846  0.0000  0.0000  1.0000 
O13   0.00046  0.25039  0.16846  0.0000  0.0000 -1.0000 
O9    0.00046  0.25039  0.33300  0.0000  0.0000 -1.0000 
O11   0.00046  0.25039  0.83300  0.0000  0.0000  1.0000 
O10   0.00046  0.75038  0.33300  0.0000  0.0000 -1.0000 
O12   0.00046  0.75038  0.83300  0.0000  0.0000  1.0000 
O6    0.50045  0.50038  0.33300  0.0000  0.0000  1.0000 
O8    0.50045  0.50038  0.83300  0.0000  0.0000 -1.0000 
O5    0.50045  0.00038  0.33300  0.0000  0.0000  1.0000 
O7    0.50045  0.00038  0.83300  0.0000  0.0000 -1.0000 
O20   0.50045  0.50038  0.66846  0.0000  0.0000 -1.0000 
O18   0.50045  0.50038  0.16846  0.0000  0.0000  1.0000 
O19   0.50045  0.00038  0.66846  0.0000  0.0000 -1.0000 
O17   0.50045  0.00038  0.16846  0.0000  0.0000  1.0000 

P4/mmm[0,0,1/2]Z5+(a,b)[Nd1:d:dsp]Eu(a) normfactor =  0.09236
Nd4   0.50045  0.75038  0.75073  1.0000 -0.5000  0.0000 
Nd2   0.50045  0.75038  0.25073 -1.0000  0.5000  0.0000 
Nd3   0.50045  0.25039  0.75073  1.0000 -0.5000  0.0000 
Nd1   0.50045  0.25039  0.25073 -1.0000  0.5000  0.0000 

P4/mmm[0,0,1/2]Z5+(a,b)[Nd1:d:dsp]Eu(b) normfactor =  0.09236
Nd4   0.50045  0.75038  0.75073  1.0000  0.5000  0.0000 
Nd2   0.50045  0.75038  0.25073 -1.0000 -0.5000  0.0000 
Nd3   0.50045  0.25039  0.75073  1.0000  0.5000  0.0000 
Nd1   0.50045  0.25039  0.25073 -1.0000 -0.5000  0.0000 

P4/mmm[0,0,1/2]Z5+(a,b)[Nb1:g:dsp]E(a) normfactor =  0.06531
Nb6   0.00046  0.50038  0.35396  1.0000 -0.5000  0.0000 
Nb8   0.00046  0.50038  0.85396 -1.0000  0.5000  0.0000 
Nb5   0.00046  0.00038  0.35396  1.0000 -0.5000  0.0000 
Nb7   0.00046  0.00038  0.85396 -1.0000  0.5000  0.0000 
Nb4   0.00046  0.50038  0.64750 -1.0000  0.5000  0.0000 
Nb2   0.00046  0.50038  0.14750  1.0000 -0.5000  0.0000 
Nb3   0.00046  0.00038  0.64750 -1.0000  0.5000  0.0000 
Nb1   0.00046  0.00038  0.14750  1.0000 -0.5000  0.0000 

P4/mmm[0,0,1/2]Z5+(a,b)[Nb1:g:dsp]E(b) normfactor =  0.06531
Nb6   0.00046  0.50038  0.35396  1.0000  0.5000  0.0000 
Nb8   0.00046  0.50038  0.85396 -1.0000 -0.5000  0.0000 
Nb5   0.00046  0.00038  0.35396  1.0000  0.5000  0.0000 
Nb7   0.00046  0.00038  0.85396 -1.0000 -0.5000  0.0000 
Nb4   0.00046  0.50038  0.64750 -1.0000 -0.5000  0.0000 
Nb2   0.00046  0.50038  0.14750  1.0000  0.5000  0.0000 
Nb3   0.00046  0.00038  0.64750 -1.0000 -0.5000  0.0000 
Nb1   0.00046  0.00038  0.14750  1.0000  0.5000  0.0000 

P4/mmm[0,0,1/2]Z5+(a,b)[O1:b:dsp]Eu(a) normfactor =  0.09236
O4    0.00046  0.50038  0.75073  1.0000 -0.5000  0.0000 
O2    0.00046  0.50038  0.25073 -1.0000  0.5000  0.0000 
O3    0.00046  0.00038  0.75073  1.0000 -0.5000  0.0000 
O1    0.00046  0.00038  0.25073 -1.0000  0.5000  0.0000 

P4/mmm[0,0,1/2]Z5+(a,b)[O1:b:dsp]Eu(b) normfactor =  0.09236
O4    0.00046  0.50038  0.75073  1.0000  0.5000  0.0000 
O2    0.00046  0.50038  0.25073 -1.0000 -0.5000  0.0000 
O3    0.00046  0.00038  0.75073  1.0000  0.5000  0.0000 
O1    0.00046  0.00038  0.25073 -1.0000 -0.5000  0.0000 

P4/mmm[0,0,1/2]Z5+(a,b)[O2:i:dsp]B2(a) normfactor =  0.06531
O16   0.00046  0.75038  0.66846  0.0000  0.5000  0.0000 
O14   0.00046  0.75038  0.16846  0.0000 -0.5000  0.0000 
O15   0.00046  0.25039  0.66846  0.0000  0.5000  0.0000 
O13   0.00046  0.25039  0.16846  0.0000 -0.5000  0.0000 
O9    0.00046  0.25039  0.33300  0.0000 -0.5000  0.0000 
O11   0.00046  0.25039  0.83300  0.0000  0.5000  0.0000 
O10   0.00046  0.75038  0.33300  0.0000 -0.5000  0.0000 
O12   0.00046  0.75038  0.83300  0.0000  0.5000  0.0000 
O6    0.50045  0.50038  0.33300  1.0000  0.0000  0.0000 
O8    0.50045  0.50038  0.83300 -1.0000  0.0000  0.0000 
O5    0.50045  0.00038  0.33300  1.0000  0.0000  0.0000 
O7    0.50045  0.00038  0.83300 -1.0000  0.0000  0.0000 
O20   0.50045  0.50038  0.66846 -1.0000  0.0000  0.0000 
O18   0.50045  0.50038  0.16846  1.0000  0.0000  0.0000 
O19   0.50045  0.00038  0.66846 -1.0000  0.0000  0.0000 
O17   0.50045  0.00038  0.16846  1.0000  0.0000  0.0000 

P4/mmm[0,0,1/2]Z5+(a,b)[O2:i:dsp]B2(b) normfactor =  0.06531
O16   0.00046  0.75038  0.66846  0.0000 -0.5000  0.0000 
O14   0.00046  0.75038  0.16846  0.0000  0.5000  0.0000 
O15   0.00046  0.25039  0.66846  0.0000 -0.5000  0.0000 
O13   0.00046  0.25039  0.16846  0.0000  0.5000  0.0000 
O9    0.00046  0.25039  0.33300  0.0000  0.5000  0.0000 
O11   0.00046  0.25039  0.83300  0.0000 -0.5000  0.0000 
O10   0.00046  0.75038  0.33300  0.0000  0.5000  0.0000 
O12   0.00046  0.75038  0.83300  0.0000 -0.5000  0.0000 
O6    0.50045  0.50038  0.33300  1.0000  0.0000  0.0000 
O8    0.50045  0.50038  0.83300 -1.0000  0.0000  0.0000 
O5    0.50045  0.00038  0.33300  1.0000  0.0000  0.0000 
O7    0.50045  0.00038  0.83300 -1.0000  0.0000  0.0000 
O20   0.50045  0.50038  0.66846 -1.0000  0.0000  0.0000 
O18   0.50045  0.50038  0.16846  1.0000  0.0000  0.0000 
O19   0.50045  0.00038  0.66846 -1.0000  0.0000  0.0000 
O17   0.50045  0.00038  0.16846  1.0000  0.0000  0.0000 

P4/mmm[0,0,1/2]Z5+(a,b)[O2:i:dsp]B1(a) normfactor =  0.06531
O16   0.00046  0.75038  0.66846  1.0000  0.0000  0.0000 
O14   0.00046  0.75038  0.16846 -1.0000  0.0000  0.0000 
O15   0.00046  0.25039  0.66846  1.0000  0.0000  0.0000 
O13   0.00046  0.25039  0.16846 -1.0000  0.0000  0.0000 
O9    0.00046  0.25039  0.33300 -1.0000  0.0000  0.0000 
O11   0.00046  0.25039  0.83300  1.0000  0.0000  0.0000 
O10   0.00046  0.75038  0.33300 -1.0000  0.0000  0.0000 
O12   0.00046  0.75038  0.83300  1.0000  0.0000  0.0000 
O6    0.50045  0.50038  0.33300  0.0000  0.5000  0.0000 
O8    0.50045  0.50038  0.83300  0.0000 -0.5000  0.0000 
O5    0.50045  0.00038  0.33300  0.0000  0.5000  0.0000 
O7    0.50045  0.00038  0.83300  0.0000 -0.5000  0.0000 
O20   0.50045  0.50038  0.66846  0.0000 -0.5000  0.0000 
O18   0.50045  0.50038  0.16846  0.0000  0.5000  0.0000 
O19   0.50045  0.00038  0.66846  0.0000 -0.5000  0.0000 
O17   0.50045  0.00038  0.16846  0.0000  0.5000  0.0000 

P4/mmm[0,0,1/2]Z5+(a,b)[O2:i:dsp]B1(b) normfactor =  0.06531
O16   0.00046  0.75038  0.66846  1.0000  0.0000  0.0000 
O14   0.00046  0.75038  0.16846 -1.0000  0.0000  0.0000 
O15   0.00046  0.25039  0.66846  1.0000  0.0000  0.0000 
O13   0.00046  0.25039  0.16846 -1.0000  0.0000  0.0000 
O9    0.00046  0.25039  0.33300 -1.0000  0.0000  0.0000 
O11   0.00046  0.25039  0.83300  1.0000  0.0000  0.0000 
O10   0.00046  0.75038  0.33300 -1.0000  0.0000  0.0000 
O12   0.00046  0.75038  0.83300  1.0000  0.0000  0.0000 
O6    0.50045  0.50038  0.33300  0.0000 -0.5000  0.0000 
O8    0.50045  0.50038  0.83300  0.0000  0.5000  0.0000 
O5    0.50045  0.00038  0.33300  0.0000 -0.5000  0.0000 
O7    0.50045  0.00038  0.83300  0.0000  0.5000  0.0000 
O20   0.50045  0.50038  0.66846  0.0000  0.5000  0.0000 
O18   0.50045  0.50038  0.16846  0.0000 -0.5000  0.0000 
O19   0.50045  0.00038  0.66846  0.0000  0.5000  0.0000 
O17   0.50045  0.00038  0.16846  0.0000 -0.5000  0.0000 

P4/mmm[0,0,1/2]Z5+(a,b)[O3:g:dsp]E(a) normfactor =  0.06531
O26   0.00046  0.50038  0.43574  1.0000 -0.5000  0.0000 
O28   0.00046  0.50038  0.93574 -1.0000  0.5000  0.0000 
O25   0.00046  0.00038  0.43574  1.0000 -0.5000  0.0000 
O27   0.00046  0.00038  0.93574 -1.0000  0.5000  0.0000 
O24   0.00046  0.50038  0.56572 -1.0000  0.5000  0.0000 
O22   0.00046  0.50038  0.06572  1.0000 -0.5000  0.0000 
O23   0.00046  0.00038  0.56572 -1.0000  0.5000  0.0000 
O21   0.00046  0.00038  0.06572  1.0000 -0.5000  0.0000 

P4/mmm[0,0,1/2]Z5+(a,b)[O3:g:dsp]E(b) normfactor =  0.06531
O26   0.00046  0.50038  0.43574  1.0000  0.5000  0.0000 
O28   0.00046  0.50038  0.93574 -1.0000 -0.5000  0.0000 
O25   0.00046  0.00038  0.43574  1.0000  0.5000  0.0000 
O27   0.00046  0.00038  0.93574 -1.0000 -0.5000  0.0000 
O24   0.00046  0.50038  0.56572 -1.0000 -0.5000  0.0000 
O22   0.00046  0.50038  0.06572  1.0000  0.5000  0.0000 
O23   0.00046  0.00038  0.56572 -1.0000 -0.5000  0.0000 
O21   0.00046  0.00038  0.06572  1.0000  0.5000  0.0000 

P4/mmm[0,0,1/2]Z3-(a)[Na1:c:dsp]A2u(a) normfactor =  0.02284
Na4   0.50045  0.75038  0.50073  0.0000  0.0000  1.0000 
Na2   0.50045  0.75038  0.00073  0.0000  0.0000 -1.0000 
Na3   0.50045  0.25039  0.50073  0.0000  0.0000  1.0000 
Na1   0.50045  0.25039  0.00073  0.0000  0.0000 -1.0000 

P4/mmm[0,0,1/2]Z3-(a)[Nb1:g:dsp]A1(a) normfactor =  0.01615
Nb6   0.00046  0.50038  0.35396  0.0000  0.0000  1.0000 
Nb8   0.00046  0.50038  0.85396  0.0000  0.0000 -1.0000 
Nb5   0.00046  0.00038  0.35396  0.0000  0.0000  1.0000 
Nb7   0.00046  0.00038  0.85396  0.0000  0.0000 -1.0000 
Nb4   0.00046  0.50038  0.64750  0.0000  0.0000  1.0000 
Nb2   0.00046  0.50038  0.14750  0.0000  0.0000 -1.0000 
Nb3   0.00046  0.00038  0.64750  0.0000  0.0000  1.0000 
Nb1   0.00046  0.00038  0.14750  0.0000  0.0000 -1.0000 

P4/mmm[0,0,1/2]Z3-(a)[O2:i:dsp]A1(a) normfactor =  0.01142
O16   0.00046  0.75038  0.66846  0.0000  0.0000  1.0000 
O14   0.00046  0.75038  0.16846  0.0000  0.0000 -1.0000 
O15   0.00046  0.25039  0.66846  0.0000  0.0000  1.0000 
O13   0.00046  0.25039  0.16846  0.0000  0.0000 -1.0000 
O9    0.00046  0.25039  0.33300  0.0000  0.0000  1.0000 
O11   0.00046  0.25039  0.83300  0.0000  0.0000 -1.0000 
O10   0.00046  0.75038  0.33300  0.0000  0.0000  1.0000 
O12   0.00046  0.75038  0.83300  0.0000  0.0000 -1.0000 
O6    0.50045  0.50038  0.33300  0.0000  0.0000  1.0000 
O8    0.50045  0.50038  0.83300  0.0000  0.0000 -1.0000 
O5    0.50045  0.00038  0.33300  0.0000  0.0000  1.0000 
O7    0.50045  0.00038  0.83300  0.0000  0.0000 -1.0000 
O20   0.50045  0.50038  0.66846  0.0000  0.0000  1.0000 
O18   0.50045  0.50038  0.16846  0.0000  0.0000 -1.0000 
O19   0.50045  0.00038  0.66846  0.0000  0.0000  1.0000 
O17   0.50045  0.00038  0.16846  0.0000  0.0000 -1.0000 

P4/mmm[0,0,1/2]Z3-(a)[O3:g:dsp]A1(a) normfactor =  0.01615
O26   0.00046  0.50038  0.43574  0.0000  0.0000  1.0000 
O28   0.00046  0.50038  0.93574  0.0000  0.0000 -1.0000 
O25   0.00046  0.00038  0.43574  0.0000  0.0000  1.0000 
O27   0.00046  0.00038  0.93574  0.0000  0.0000 -1.0000 
O24   0.00046  0.50038  0.56572  0.0000  0.0000  1.0000 
O22   0.00046  0.50038  0.06572  0.0000  0.0000 -1.0000 
O23   0.00046  0.00038  0.56572  0.0000  0.0000  1.0000 
O21   0.00046  0.00038  0.06572  0.0000  0.0000 -1.0000 

P4/mmm[0,0,1/2]Z4-(a)[O2:i:dsp]A1(a) normfactor =  0.01142
O16   0.00046  0.75038  0.66846  0.0000  0.0000  1.0000 
O14   0.00046  0.75038  0.16846  0.0000  0.0000 -1.0000 
O15   0.00046  0.25039  0.66846  0.0000  0.0000  1.0000 
O13   0.00046  0.25039  0.16846  0.0000  0.0000 -1.0000 
O9    0.00046  0.25039  0.33300  0.0000  0.0000  1.0000 
O11   0.00046  0.25039  0.83300  0.0000  0.0000 -1.0000 
O10   0.00046  0.75038  0.33300  0.0000  0.0000  1.0000 
O12   0.00046  0.75038  0.83300  0.0000  0.0000 -1.0000 
O6    0.50045  0.50038  0.33300  0.0000  0.0000 -1.0000 
O8    0.50045  0.50038  0.83300  0.0000  0.0000  1.0000 
O5    0.50045  0.00038  0.33300  0.0000  0.0000 -1.0000 
O7    0.50045  0.00038  0.83300  0.0000  0.0000  1.0000 
O20   0.50045  0.50038  0.66846  0.0000  0.0000 -1.0000 
O18   0.50045  0.50038  0.16846  0.0000  0.0000  1.0000 
O19   0.50045  0.00038  0.66846  0.0000  0.0000 -1.0000 
O17   0.50045  0.00038  0.16846  0.0000  0.0000  1.0000 

P4/mmm[0,0,1/2]Z5-(a,b)[Na1:c:dsp]Eu(a) normfactor =  0.09236
Na4   0.50045  0.75038  0.50073  1.0000 -0.5000  0.0000 
Na2   0.50045  0.75038  0.00073 -1.0000  0.5000  0.0000 
Na3   0.50045  0.25039  0.50073  1.0000 -0.5000  0.0000 
Na1   0.50045  0.25039  0.00073 -1.0000  0.5000  0.0000 

P4/mmm[0,0,1/2]Z5-(a,b)[Na1:c:dsp]Eu(b) normfactor =  0.09236
Na4   0.50045  0.75038  0.50073 -1.0000 -0.5000  0.0000 
Na2   0.50045  0.75038  0.00073  1.0000  0.5000  0.0000 
Na3   0.50045  0.25039  0.50073 -1.0000 -0.5000  0.0000 
Na1   0.50045  0.25039  0.00073  1.0000  0.5000  0.0000 

P4/mmm[0,0,1/2]Z5-(a,b)[Nb1:g:dsp]E(a) normfactor =  0.06531
Nb6   0.00046  0.50038  0.35396  1.0000 -0.5000  0.0000 
Nb8   0.00046  0.50038  0.85396 -1.0000  0.5000  0.0000 
Nb5   0.00046  0.00038  0.35396  1.0000 -0.5000  0.0000 
Nb7   0.00046  0.00038  0.85396 -1.0000  0.5000  0.0000 
Nb4   0.00046  0.50038  0.64750  1.0000 -0.5000  0.0000 
Nb2   0.00046  0.50038  0.14750 -1.0000  0.5000  0.0000 
Nb3   0.00046  0.00038  0.64750  1.0000 -0.5000  0.0000 
Nb1   0.00046  0.00038  0.14750 -1.0000  0.5000  0.0000 

P4/mmm[0,0,1/2]Z5-(a,b)[Nb1:g:dsp]E(b) normfactor =  0.06531
Nb6   0.00046  0.50038  0.35396 -1.0000 -0.5000  0.0000 
Nb8   0.00046  0.50038  0.85396  1.0000  0.5000  0.0000 
Nb5   0.00046  0.00038  0.35396 -1.0000 -0.5000  0.0000 
Nb7   0.00046  0.00038  0.85396  1.0000  0.5000  0.0000 
Nb4   0.00046  0.50038  0.64750 -1.0000 -0.5000  0.0000 
Nb2   0.00046  0.50038  0.14750  1.0000  0.5000  0.0000 
Nb3   0.00046  0.00038  0.64750 -1.0000 -0.5000  0.0000 
Nb1   0.00046  0.00038  0.14750  1.0000  0.5000  0.0000 

P4/mmm[0,0,1/2]Z5-(a,b)[O2:i:dsp]B2(a) normfactor =  0.06531
O16   0.00046  0.75038  0.66846  0.0000  0.5000  0.0000 
O14   0.00046  0.75038  0.16846  0.0000 -0.5000  0.0000 
O15   0.00046  0.25039  0.66846  0.0000  0.5000  0.0000 
O13   0.00046  0.25039  0.16846  0.0000 -0.5000  0.0000 
O9    0.00046  0.25039  0.33300  0.0000  0.5000  0.0000 
O11   0.00046  0.25039  0.83300  0.0000 -0.5000  0.0000 
O10   0.00046  0.75038  0.33300  0.0000  0.5000  0.0000 
O12   0.00046  0.75038  0.83300  0.0000 -0.5000  0.0000 
O6    0.50045  0.50038  0.33300 -1.0000  0.0000  0.0000 
O8    0.50045  0.50038  0.83300  1.0000  0.0000  0.0000 
O5    0.50045  0.00038  0.33300 -1.0000  0.0000  0.0000 
O7    0.50045  0.00038  0.83300  1.0000  0.0000  0.0000 
O20   0.50045  0.50038  0.66846 -1.0000  0.0000  0.0000 
O18   0.50045  0.50038  0.16846  1.0000  0.0000  0.0000 
O19   0.50045  0.00038  0.66846 -1.0000  0.0000  0.0000 
O17   0.50045  0.00038  0.16846  1.0000  0.0000  0.0000 

P4/mmm[0,0,1/2]Z5-(a,b)[O2:i:dsp]B2(b) normfactor =  0.06531
O16   0.00046  0.75038  0.66846  0.0000  0.5000  0.0000 
O14   0.00046  0.75038  0.16846  0.0000 -0.5000  0.0000 
O15   0.00046  0.25039  0.66846  0.0000  0.5000  0.0000 
O13   0.00046  0.25039  0.16846  0.0000 -0.5000  0.0000 
O9    0.00046  0.25039  0.33300  0.0000  0.5000  0.0000 
O11   0.00046  0.25039  0.83300  0.0000 -0.5000  0.0000 
O10   0.00046  0.75038  0.33300  0.0000  0.5000  0.0000 
O12   0.00046  0.75038  0.83300  0.0000 -0.5000  0.0000 
O6    0.50045  0.50038  0.33300  1.0000  0.0000  0.0000 
O8    0.50045  0.50038  0.83300 -1.0000  0.0000  0.0000 
O5    0.50045  0.00038  0.33300  1.0000  0.0000  0.0000 
O7    0.50045  0.00038  0.83300 -1.0000  0.0000  0.0000 
O20   0.50045  0.50038  0.66846  1.0000  0.0000  0.0000 
O18   0.50045  0.50038  0.16846 -1.0000  0.0000  0.0000 
O19   0.50045  0.00038  0.66846  1.0000  0.0000  0.0000 
O17   0.50045  0.00038  0.16846 -1.0000  0.0000  0.0000 

P4/mmm[0,0,1/2]Z5-(a,b)[O2:i:dsp]B1(a) normfactor =  0.06531
O16   0.00046  0.75038  0.66846  1.0000  0.0000  0.0000 
O14   0.00046  0.75038  0.16846 -1.0000  0.0000  0.0000 
O15   0.00046  0.25039  0.66846  1.0000  0.0000  0.0000 
O13   0.00046  0.25039  0.16846 -1.0000  0.0000  0.0000 
O9    0.00046  0.25039  0.33300  1.0000  0.0000  0.0000 
O11   0.00046  0.25039  0.83300 -1.0000  0.0000  0.0000 
O10   0.00046  0.75038  0.33300  1.0000  0.0000  0.0000 
O12   0.00046  0.75038  0.83300 -1.0000  0.0000  0.0000 
O6    0.50045  0.50038  0.33300  0.0000 -0.5000  0.0000 
O8    0.50045  0.50038  0.83300  0.0000  0.5000  0.0000 
O5    0.50045  0.00038  0.33300  0.0000 -0.5000  0.0000 
O7    0.50045  0.00038  0.83300  0.0000  0.5000  0.0000 
O20   0.50045  0.50038  0.66846  0.0000 -0.5000  0.0000 
O18   0.50045  0.50038  0.16846  0.0000  0.5000  0.0000 
O19   0.50045  0.00038  0.66846  0.0000 -0.5000  0.0000 
O17   0.50045  0.00038  0.16846  0.0000  0.5000  0.0000 

P4/mmm[0,0,1/2]Z5-(a,b)[O2:i:dsp]B1(b) normfactor =  0.06531
O16   0.00046  0.75038  0.66846 -1.0000  0.0000  0.0000 
O14   0.00046  0.75038  0.16846  1.0000  0.0000  0.0000 
O15   0.00046  0.25039  0.66846 -1.0000  0.0000  0.0000 
O13   0.00046  0.25039  0.16846  1.0000  0.0000  0.0000 
O9    0.00046  0.25039  0.33300 -1.0000  0.0000  0.0000 
O11   0.00046  0.25039  0.83300  1.0000  0.0000  0.0000 
O10   0.00046  0.75038  0.33300 -1.0000  0.0000  0.0000 
O12   0.00046  0.75038  0.83300  1.0000  0.0000  0.0000 
O6    0.50045  0.50038  0.33300  0.0000 -0.5000  0.0000 
O8    0.50045  0.50038  0.83300  0.0000  0.5000  0.0000 
O5    0.50045  0.00038  0.33300  0.0000 -0.5000  0.0000 
O7    0.50045  0.00038  0.83300  0.0000  0.5000  0.0000 
O20   0.50045  0.50038  0.66846  0.0000 -0.5000  0.0000 
O18   0.50045  0.50038  0.16846  0.0000  0.5000  0.0000 
O19   0.50045  0.00038  0.66846  0.0000 -0.5000  0.0000 
O17   0.50045  0.00038  0.16846  0.0000  0.5000  0.0000 

P4/mmm[0,0,1/2]Z5-(a,b)[O3:g:dsp]E(a) normfactor =  0.06531
O26   0.00046  0.50038  0.43574  1.0000 -0.5000  0.0000 
O28   0.00046  0.50038  0.93574 -1.0000  0.5000  0.0000 
O25   0.00046  0.00038  0.43574  1.0000 -0.5000  0.0000 
O27   0.00046  0.00038  0.93574 -1.0000  0.5000  0.0000 
O24   0.00046  0.50038  0.56572  1.0000 -0.5000  0.0000 
O22   0.00046  0.50038  0.06572 -1.0000  0.5000  0.0000 
O23   0.00046  0.00038  0.56572  1.0000 -0.5000  0.0000 
O21   0.00046  0.00038  0.06572 -1.0000  0.5000  0.0000 

P4/mmm[0,0,1/2]Z5-(a,b)[O3:g:dsp]E(b) normfactor =  0.06531
O26   0.00046  0.50038  0.43574 -1.0000 -0.5000  0.0000 
O28   0.00046  0.50038  0.93574  1.0000  0.5000  0.0000 
O25   0.00046  0.00038  0.43574 -1.0000 -0.5000  0.0000 
O27   0.00046  0.00038  0.93574  1.0000  0.5000  0.0000 
O24   0.00046  0.50038  0.56572 -1.0000 -0.5000  0.0000 
O22   0.00046  0.50038  0.06572  1.0000  0.5000  0.0000 
O23   0.00046  0.00038  0.56572 -1.0000 -0.5000  0.0000 
O21   0.00046  0.00038  0.06572  1.0000  0.5000  0.0000